0	0.72035
0.001	0.68333
0.002	0.6458
0.003	0.60834
0.004	0.57229
0.005	0.53955
0.006	0.5122
0.007	0.49199
0.008	0.4798
0.009	0.47533
0.01	0.47694
0.011	0.48188
0.012	0.48675
0.013	0.48817
0.014	0.48339
0.015	0.47084
0.016	0.45039
0.017	0.42331
0.018	0.39202
0.019	0.35955
0.02	0.32907
0.021	0.30329
0.022	0.28409
0.023	0.27223
0.024	0.26726
0.025	0.26767
0.026	0.27117
0.027	0.27516
0.028	0.27728
0.029	0.2758
0.03	0.26994
0.031	0.25991
0.032	0.24661
0.033	0.23126
0.034	0.21496
0.035	0.19832
0.036	0.18154
0.037	0.16463
0.038	0.14785
0.039	0.13212
0.04	0.11912
0.041	0.11098
0.042	0.10964
0.043	0.11606
0.044	0.12949
0.045	0.14733
0.046	0.16552
0.047	0.17948
0.048	0.18539
0.049	0.18129
0.05	0.16767
0.051	0.14731
0.052	0.12447
0.053	0.10364
0.054	0.08825
0.055	0.079944
0.056	0.078368
0.057	0.081732
0.058	0.087708
0.059	0.09437
0.06	0.10078
0.061	0.10705
0.062	0.11384
0.063	0.12168
0.064	0.13027
0.065	0.13823
0.066	0.14336
0.067	0.14333
0.068	0.13655
0.069	0.12294
0.07	0.10425
0.071	0.083799
0.072	0.065737
0.073	0.054001
0.074	0.051314
0.075	0.058504
0.076	0.074286
0.077	0.095571
0.078	0.11816
0.079	0.13763
0.08	0.15022
0.081	0.1535
0.082	0.14673
0.083	0.13098
0.084	0.10882
0.085	0.08387
0.086	0.06016
0.087	0.041401
0.088	0.030328
0.089	0.0282
0.09	0.034577
0.091	0.047484
0.092	0.063955
0.093	0.080894
0.094	0.09605
0.095	0.10887
0.096	0.12095
0.097	0.13593
0.098	0.15873
0.099	0.19433
0.1	0.2463
0.101	0.31562
0.102	0.4
0.103	0.49404
0.104	0.5902
0.105	0.68036
0.106	0.75753
0.107	0.81728
0.108	0.85839
0.109	0.88266
0.11	0.89394
0.111	0.89662
0.112	0.8943
0.113	0.88882
0.114	0.88011
0.115	0.86679
0.116	0.84725
0.117	0.82077
0.118	0.78824
0.119	0.75231
0.12	0.71671
0.121	0.68523
0.122	0.66065
0.123	0.64391
0.124	0.63407
0.125	0.62873
0.126	0.62498
0.127	0.62029
0.128	0.61314
0.129	0.60311
0.13	0.59048
0.131	0.57562
0.132	0.55839
0.133	0.53804
0.134	0.51349
0.135	0.48409
0.136	0.45036
0.137	0.41445
0.138	0.38
0.139	0.35129
0.14	0.33207
0.141	0.32425
0.142	0.32709
0.143	0.33714
0.144	0.34904
0.145	0.35698
0.146	0.35628
0.147	0.34464
0.148	0.3227
0.149	0.29361
0.15	0.26193
0.151	0.23213
0.152	0.20735
0.153	0.18873
0.154	0.1755
0.155	0.16579
0.156	0.1577
0.157	0.15029
0.158	0.14399
0.159	0.14032
0.16	0.14104
0.161	0.14711
0.162	0.15777
0.163	0.17033
0.164	0.18067
0.165	0.1844
0.166	0.1782
0.167	0.1611
0.168	0.13491
0.169	0.10397
0.17	0.073979
0.171	0.050514
0.172	0.037472
0.173	0.036104
0.174	0.044801
0.175	0.059731
0.176	0.076028
0.177	0.089181
0.178	0.096163
0.179	0.09601
0.18	0.089745
0.181	0.079747
0.182	0.068848
0.183	0.05947
0.184	0.053042
0.185	0.049827
0.186	0.049147
0.187	0.049843
0.188	0.050807
0.189	0.051392
0.19	0.051607
0.191	0.052079
0.192	0.053789
0.193	0.057688
0.194	0.064292
0.195	0.073356
0.196	0.083734
0.197	0.093488
0.198	0.10027
0.199	0.1019
0.2	0.097047
0.201	0.085749
0.202	0.069655
0.203	0.051793
0.204	0.0359
0.205	0.025441
0.206	0.022653
0.207	0.027904
0.208	0.039617
0.209	0.054837
0.21	0.070209
0.211	0.083068
0.212	0.092171
0.213	0.097819
0.214	0.10131
0.215	0.10397
0.216	0.10625
0.217	0.10733
0.218	0.10551
0.219	0.099419
0.22	0.089532
0.221	0.079347
0.222	0.075644
0.223	0.087405
0.224	0.12357
0.225	0.1902
0.226	0.28796
0.227	0.41092
0.228	0.54705
0.229	0.68064
0.23	0.79584
0.231	0.88037
0.232	0.9283
0.233	0.941
0.234	0.92623
0.235	0.89543
0.236	0.86049
0.237	0.83074
0.238	0.81113
0.239	0.80204
0.24	0.8004
0.241	0.80166
0.242	0.80167
0.243	0.79795
0.244	0.78999
0.245	0.7786
0.246	0.76486
0.247	0.74923
0.248	0.73107
0.249	0.70893
0.25	0.68137
0.251	0.64784
0.252	0.60932
0.253	0.56843
0.254	0.52881
0.255	0.49424
0.256	0.46756
0.257	0.44999
0.258	0.44095
0.259	0.43845
0.26	0.43976
0.261	0.44221
0.262	0.44372
0.263	0.44292
0.264	0.43897
0.265	0.43115
0.266	0.41858
0.267	0.40022
0.268	0.3752
0.269	0.34353
0.27	0.30668
0.271	0.26788
0.272	0.23193
0.273	0.20416
0.274	0.18912
0.275	0.18906
0.276	0.20284
0.277	0.22576
0.278	0.2503
0.279	0.26798
0.28	0.27157
0.281	0.25722
0.282	0.22572
0.283	0.18251
0.284	0.13624
0.285	0.096446
0.286	0.070865
0.287	0.06334
0.288	0.072907
0.289	0.094375
0.29	0.12014
0.291	0.14266
0.292	0.15666
0.293	0.16043
0.294	0.15578
0.295	0.14683
0.296	0.13808
0.297	0.13259
0.298	0.13093
0.299	0.13116
0.3	0.12992
0.301	0.12395
0.302	0.11156
0.303	0.093351
0.304	0.072131
0.305	0.051898
0.306	0.036526
0.307	0.028599
0.308	0.028799
0.309	0.036034
0.31	0.048082
0.311	0.062449
0.312	0.077008
0.313	0.090229
0.314	0.10102
0.315	0.10838
0.316	0.11124
0.317	0.10855
0.318	0.099762
0.319	0.08543
0.32	0.067543
0.321	0.049405
0.322	0.034922
0.323	0.027491
0.324	0.028905
0.325	0.038663
0.326	0.054032
0.327	0.070851
0.328	0.084818
0.329	0.092819
0.33	0.093796
0.331	0.088871
0.332	0.08072
0.333	0.072443
0.334	0.066398
0.335	0.063408
0.336	0.062611
0.337	0.061959
0.338	0.059128
0.339	0.05248
0.34	0.041744
0.341	0.028227
0.342	0.014537
0.343	0.0039968
0.344	0
0.345	0.0054863
0.346	0.022673
0.347	0.052997
0.348	0.097173
0.349	0.15523
0.35	0.22647
0.351	0.30928
0.352	0.40103
0.353	0.49796
0.354	0.59538
0.355	0.68809
0.356	0.77091
0.357	0.83943
0.358	0.89064
0.359	0.9233
0.36	0.93809
0.361	0.9374
0.362	0.9248
0.363	0.90435
0.364	0.87984
0.365	0.85423
0.366	0.82923
0.367	0.80531
0.368	0.782
0.369	0.75837
0.37	0.73367
0.371	0.70778
0.372	0.68156
0.373	0.65667
0.374	0.63526
0.375	0.61937
0.376	0.61023
0.377	0.6078
0.378	0.61051
0.379	0.61537
0.38	0.61855
0.381	0.6161
0.382	0.60489
0.383	0.5834
0.384	0.55218
0.385	0.51385
0.386	0.47264
0.387	0.43344
0.388	0.40069
0.389	0.37731
0.39	0.36413
0.391	0.3597
0.392	0.36092
0.393	0.36392
0.394	0.36521
0.395	0.36244
0.396	0.35487
0.397	0.34303
0.398	0.32817
0.399	0.31146
0.4	0.29346
0.401	0.27412
0.402	0.25311
0.403	0.23053
0.404	0.20748
0.405	0.18614
0.406	0.16936
0.407	0.15968
0.408	0.15836
0.409	0.16464
0.41	0.17571
0.411	0.18745
0.412	0.19569
0.413	0.19751
0.414	0.19207
0.415	0.18071
0.416	0.16624
0.417	0.15175
0.418	0.13948
0.419	0.13019
0.42	0.12327
0.421	0.1175
0.422	0.11202
0.423	0.10709
0.424	0.10405
0.425	0.10476
0.426	0.11046
0.427	0.12073
0.428	0.13316
0.429	0.14373
0.43	0.14811
0.431	0.14319
0.432	0.12835
0.433	0.10592
0.434	0.080593
0.435	0.058011
0.436	0.043074
0.437	0.038553
0.438	0.044526
0.439	0.05873
0.44	0.077622
0.441	0.097632
0.442	0.11608
0.443	0.13147
0.444	0.14317
0.445	0.15072
0.446	0.15335
0.447	0.14989
0.448	0.13928
0.449	0.12133
0.45	0.09746
0.451	0.070874
0.452	0.046001
0.453	0.027355
0.454	0.018187
0.455	0.019493
0.456	0.02977
0.457	0.045666
0.458	0.063238
0.459	0.079333
0.46	0.092494
0.461	0.10305
0.462	0.11234
0.463	0.12153
0.464	0.13047
0.465	0.13728
0.466	0.13894
0.467	0.13264
0.468	0.11751
0.469	0.095952
0.47	0.074036
0.471	0.060558
0.472	0.065071
0.473	0.095378
0.474	0.15532
0.475	0.2435
0.476	0.35343
0.477	0.47487
0.478	0.59607
0.479	0.70613
0.48	0.79693
0.481	0.86406
0.482	0.90692
0.483	0.92793
0.484	0.93144
0.485	0.92262
0.486	0.90664
0.487	0.88809
0.488	0.87065
0.489	0.85694
0.49	0.84828
0.491	0.84454
0.492	0.8442
0.493	0.84456
0.494	0.84234
0.495	0.83447
0.496	0.81886
0.497	0.79497
0.498	0.76393
0.499	0.72825
0.5	0.69113
0.501	0.65569
0.502	0.62433
0.503	0.59838
0.504	0.57811
0.505	0.56296
0.506	0.55189
0.507	0.54365
0.508	0.53686
0.509	0.53008
0.51	0.52181
0.511	0.51068
0.512	0.49572
0.513	0.47663
0.514	0.45405
0.515	0.42949
0.516	0.40494
0.517	0.38235
0.518	0.363
0.519	0.34716
0.52	0.33409
0.521	0.32249
0.522	0.31114
0.523	0.29946
0.524	0.28778
0.525	0.27707
0.526	0.26834
0.527	0.26191
0.528	0.25685
0.529	0.25109
0.53	0.24195
0.531	0.22722
0.532	0.20616
0.533	0.18015
0.534	0.15258
0.535	0.128
0.536	0.1108
0.537	0.10391
0.538	0.10782
0.539	0.12058
0.54	0.13837
0.541	0.15684
0.542	0.17225
0.543	0.18249
0.544	0.18724
0.545	0.18757
0.546	0.18515
0.547	0.18131
0.548	0.17661
0.549	0.17076
0.55	0.16311
0.551	0.15329
0.552	0.14175
0.553	0.12997
0.554	0.1202
0.555	0.11476
0.556	0.11538
0.557	0.12258
0.558	0.13539
0.559	0.15156
0.56	0.168
0.561	0.1815
0.562	0.18933
0.563	0.18972
0.564	0.18218
0.565	0.16756
0.566	0.14785
0.567	0.1259
0.568	0.10493
0.569	0.087904
0.57	0.076963
0.571	0.072959
0.572	0.075268
0.573	0.081991
0.574	0.090524
0.575	0.098341
0.576	0.10374
0.577	0.10629
0.578	0.10677
0.579	0.10666
0.58	0.10732
0.581	0.10927
0.582	0.11185
0.583	0.11344
0.584	0.11224
0.585	0.10725
0.586	0.099024
0.587	0.089781
0.588	0.082835
0.589	0.081397
0.59	0.087253
0.591	0.09991
0.592	0.11661
0.593	0.13337
0.594	0.14671
0.595	0.15542
0.596	0.16175
0.597	0.17127
0.598	0.19149
0.599	0.22941
0.6	0.28908
0.601	0.36974
0.602	0.46552
0.603	0.5667
0.604	0.66231
0.605	0.74305
0.606	0.80369
0.607	0.84403
0.608	0.86825
0.609	0.88288
0.61	0.89419
0.611	0.906
0.612	0.9186
0.613	0.92916
0.614	0.93329
0.615	0.92711
0.616	0.90901
0.617	0.88041
0.618	0.8453
0.619	0.80893
0.62	0.77601
0.621	0.74941
0.622	0.72959
0.623	0.715
0.624	0.70315
0.625	0.69178
0.626	0.67968
0.627	0.66677
0.628	0.65358
0.629	0.64043
0.63	0.62674
0.631	0.61094
0.632	0.5909
0.633	0.56495
0.634	0.53276
0.635	0.49589
0.636	0.45762
0.637	0.42209
0.638	0.39315
0.639	0.37317
0.64	0.36246
0.641	0.3593
0.642	0.36067
0.643	0.3632
0.644	0.36411
0.645	0.36173
0.646	0.35551
0.647	0.34573
0.648	0.33297
0.649	0.31778
0.65	0.30068
0.651	0.28229
0.652	0.26366
0.653	0.2463
0.654	0.23207
0.655	0.22266
0.656	0.21902
0.657	0.22097
0.658	0.22703
0.659	0.2348
0.66	0.24159
0.661	0.24513
0.662	0.24414
0.663	0.23847
0.664	0.22895
0.665	0.21687
0.666	0.20356
0.667	0.18999
0.668	0.17674
0.669	0.16412
0.67	0.15243
0.671	0.14209
0.672	0.13366
0.673	0.12771
0.674	0.12453
0.675	0.12404
0.676	0.1257
0.677	0.12871
0.678	0.1322
0.679	0.13538
0.68	0.13761
0.681	0.13835
0.682	0.13703
0.683	0.13308
0.684	0.12608
0.685	0.11605
0.686	0.10385
0.687	0.091251
0.688	0.080806
0.689	0.075225
0.69	0.076558
0.691	0.085399
0.692	0.10043
0.693	0.11856
0.694	0.13566
0.695	0.1477
0.696	0.15187
0.697	0.14741
0.698	0.13573
0.699	0.11982
0.7	0.1033
0.701	0.089239
0.702	0.079431
0.703	0.074122
0.704	0.072372
0.705	0.07277
0.706	0.074187
0.707	0.076236
0.708	0.079261
0.709	0.083931
0.71	0.090608
0.711	0.09883
0.712	0.10714
0.713	0.11334
0.714	0.11512
0.715	0.1108
0.716	0.099985
0.717	0.083864
0.718	0.065213
0.719	0.048058
0.72	0.037196
0.721	0.037643
0.722	0.054089
0.723	0.090337
0.724	0.1487
0.725	0.22934
0.726	0.32975
0.727	0.44446
0.728	0.56528
0.729	0.68218
0.73	0.78482
0.731	0.86437
0.732	0.91532
0.733	0.93661
0.734	0.93188
0.735	0.90864
0.736	0.87649
0.737	0.84493
0.738	0.82134
0.739	0.80962
0.74	0.80981
0.741	0.81874
0.742	0.83127
0.743	0.84194
0.744	0.84624
0.745	0.84137
0.746	0.82647
0.747	0.8022
0.748	0.77021
0.749	0.73257
0.75	0.69148
0.751	0.64916
0.752	0.60786
0.753	0.56984
0.754	0.53718
0.755	0.51141
0.756	0.4931
0.757	0.4815
0.758	0.47459
0.759	0.46942
0.76	0.46283
0.761	0.45223
0.762	0.43635
0.763	0.41551
0.764	0.39151
0.765	0.36702
0.766	0.3448
0.767	0.32687
0.768	0.31402
0.769	0.30564
0.77	0.30012
0.771	0.29538
0.772	0.28966
0.773	0.28201
0.774	0.27258
0.775	0.26244
0.776	0.25318
0.777	0.24623
0.778	0.2423
0.779	0.24101
0.78	0.24078
0.781	0.2392
0.782	0.23363
0.783	0.22195
0.784	0.2033
0.785	0.17854
0.786	0.15031
0.787	0.12257
0.788	0.099809
0.789	0.085917
0.79	0.083174
0.791	0.091532
0.792	0.10848
0.793	0.12957
0.794	0.14945
0.795	0.16329
0.796	0.16794
0.797	0.16274
0.798	0.1496
0.799	0.13225
0.8	0.11512
0.801	0.10197
0.802	0.094917
0.803	0.094027
0.804	0.097687
0.805	0.10349
0.806	0.10932
0.807	0.11414
0.808	0.11826
0.809	0.12284
0.81	0.12906
0.811	0.13708
0.812	0.14556
0.813	0.15173
0.814	0.15234
0.815	0.14486
0.816	0.12877
0.817	0.10607
0.818	0.081011
0.819	0.058861
0.82	0.044246
0.821	0.039623
0.822	0.044508
0.823	0.055791
0.824	0.069014
0.825	0.080133
0.826	0.087063
0.827	0.090329
0.828	0.092578
0.829	0.097107
0.83	0.10604
0.831	0.11894
0.832	0.13252
0.833	0.14167
0.834	0.1414
0.835	0.12909
0.836	0.10591
0.837	0.076938
0.838	0.04971
0.839	0.031703
0.84	0.027721
0.841	0.038196
0.842	0.059108
0.843	0.083658
0.844	0.10509
0.845	0.11959
0.846	0.1282
0.847	0.13685
0.848	0.15457
0.849	0.1904
0.85	0.25011
0.851	0.33397
0.852	0.43624
0.853	0.5467
0.854	0.65342
0.855	0.74603
0.856	0.81821
0.857	0.86859
0.858	0.9002
0.859	0.91845
0.86	0.92884
0.861	0.93507
0.862	0.93815
0.863	0.93682
0.864	0.92867
0.865	0.9117
0.866	0.88542
0.867	0.85127
0.868	0.81228
0.869	0.77223
0.87	0.73462
0.871	0.70195
0.872	0.6755
0.873	0.65539
0.874	0.64098
0.875	0.63117
0.876	0.62461
0.877	0.61973
0.878	0.61467
0.879	0.60741
0.88	0.59602
0.881	0.57915
0.882	0.55643
0.883	0.5288
0.884	0.49838
0.885	0.46802
0.886	0.44061
0.887	0.41828
0.888	0.40192
0.889	0.39104
0.89	0.38408
0.891	0.37901
0.892	0.37395
0.893	0.36766
0.894	0.35969
0.895	0.35016
0.896	0.33937
0.897	0.32738
0.898	0.3138
0.899	0.29787
0.9	0.27882
0.901	0.2564
0.902	0.23131
0.903	0.20535
0.904	0.18123
0.905	0.16196
0.906	0.15007
0.907	0.14687
0.908	0.15194
0.909	0.16316
0.91	0.1771
0.911	0.18986
0.912	0.19797
0.913	0.19914
0.914	0.19269
0.915	0.17942
0.916	0.1612
0.917	0.14034
0.918	0.11898
0.919	0.098843
0.92	0.081178
0.921	0.067023
0.922	0.057447
0.923	0.053611
0.924	0.056532
0.925	0.06657
0.926	0.082897
0.927	0.10318
0.928	0.12376
0.929	0.14041
0.93	0.14941
0.931	0.14872
0.932	0.1387
0.933	0.12211
0.934	0.10329
0.935	0.086788
0.936	0.075935
0.937	0.071855
0.938	0.073321
0.939	0.077514
0.94	0.081368
0.941	0.082951
0.942	0.082288
0.943	0.08127
0.944	0.082651
0.945	0.088561
0.946	0.09916
0.947	0.11208
0.948	0.12294
0.949	0.12687
0.95	0.12047
0.951	0.10334
0.952	0.078744
0.953	0.052808
0.954	0.032692
0.955	0.024222
0.956	0.029926
0.957	0.048164
0.958	0.073696
0.959	0.099471
0.96	0.11897
0.961	0.12822
0.962	0.12683
0.963	0.1176
0.964	0.10509
0.965	0.093634
0.966	0.08572
0.967	0.08134
0.968	0.078564
0.969	0.075092
0.97	0.070153
0.971	0.065918
0.972	0.067838
0.973	0.083622
0.974	0.12113
0.975	0.18581
0.976	0.27855
0.977	0.39457
0.978	0.52385
0.979	0.65301
0.98	0.76808
0.981	0.85754
0.982	0.91467
0.983	0.93878
0.984	0.93493
0.985	0.91233
0.986	0.88189
0.987	0.85355
0.988	0.83418
0.989	0.82635
0.99	0.82842
0.991	0.83564
0.992	0.84198
0.993	0.84205
0.994	0.83259
0.995	0.81317
0.996	0.78589
0.997	0.75438
0.998	0.72244
0.999	0.69279
1	0.6664
1.001	0.64256
1.002	0.61952
1.003	0.59555
1.004	0.56989
1.005	0.54321
1.006	0.51751
1.007	0.49542
1.008	0.47916
1.009	0.46973
1.01	0.46637
1.011	0.46674
1.012	0.46755
1.013	0.46546
1.014	0.45802
1.015	0.44414
1.016	0.42419
1.017	0.39962
1.018	0.37239
1.019	0.3444
1.02	0.31719
1.021	0.29192
1.022	0.26951
1.023	0.25094
1.024	0.23726
1.025	0.22946
1.026	0.22807
1.027	0.23273
1.028	0.24195
1.029	0.2531
1.03	0.26288
1.031	0.26804
1.032	0.26617
1.033	0.2563
1.034	0.23915
1.035	0.21686
1.036	0.19246
1.037	0.16904
1.038	0.14915
1.039	0.1344
1.04	0.12537
1.041	0.12185
1.042	0.12314
1.043	0.12833
1.044	0.13633
1.045	0.14584
1.046	0.15524
1.047	0.16259
1.048	0.16593
1.049	0.16371
1.05	0.15541
1.051	0.14191
1.052	0.12558
1.053	0.10981
1.054	0.098179
1.055	0.093485
1.056	0.096874
1.057	0.10749
1.058	0.12272
1.059	0.13895
1.06	0.15262
1.061	0.1611
1.062	0.1633
1.063	0.15955
1.064	0.15122
1.065	0.13999
1.066	0.12731
1.067	0.11416
1.068	0.10116
1.069	0.088889
1.07	0.078226
1.071	0.070347
1.072	0.066495
1.073	0.067488
1.074	0.073277
1.075	0.082799
1.076	0.094225
1.077	0.10554
1.078	0.1152
1.079	0.12256
1.08	0.12777
1.081	0.13134
1.082	0.13346
1.083	0.13345
1.084	0.12986
1.085	0.12115
1.086	0.10669
1.087	0.08775
1.088	0.067806
1.089	0.051889
1.09	0.045058
1.091	0.050507
1.092	0.06811
1.093	0.094098
1.094	0.12223
1.095	0.14618
1.096	0.16224
1.097	0.17145
1.098	0.17995
1.099	0.19742
1.1	0.23387
1.101	0.29599
1.102	0.38422
1.103	0.49193
1.104	0.60686
1.105	0.71455
1.106	0.80257
1.107	0.86388
1.108	0.89839
1.109	0.91197
1.11	0.91364
1.111	0.91185
1.112	0.91154
1.113	0.9128
1.114	0.91179
1.115	0.90315
1.116	0.88297
1.117	0.85097
1.118	0.81101
1.119	0.76978
1.12	0.73432
1.121	0.70937
1.122	0.69574
1.123	0.69026
1.124	0.68733
1.125	0.68127
1.126	0.66854
1.127	0.64883
1.128	0.62472
1.129	0.60006
1.13	0.57801
1.131	0.55948
1.132	0.54278
1.133	0.52461
1.134	0.5018
1.135	0.47315
1.136	0.44033
1.137	0.40758
1.138	0.38015
1.139	0.36226
1.14	0.35532
1.141	0.35729
1.142	0.36333
1.143	0.3676
1.144	0.36539
1.145	0.35473
1.146	0.3369
1.147	0.31558
1.148	0.29518
1.149	0.2789
1.15	0.26749
1.151	0.2591
1.152	0.25031
1.153	0.23781
1.154	0.22003
1.155	0.19805
1.156	0.17537
1.157	0.15669
1.158	0.14613
1.159	0.14564
1.16	0.15426
1.161	0.16834
1.162	0.18278
1.163	0.19268
1.164	0.19482
1.165	0.18847
1.166	0.1753
1.167	0.15856
1.168	0.14186
1.169	0.12808
1.17	0.1188
1.171	0.11422
1.172	0.11366
1.173	0.11611
1.174	0.12072
1.175	0.12693
1.176	0.13428
1.177	0.14208
1.178	0.1492
1.179	0.1541
1.18	0.15521
1.181	0.15154
1.182	0.14311
1.183	0.13123
1.184	0.11823
1.185	0.10686
1.186	0.099485
1.187	0.097329
1.188	0.10017
1.189	0.10645
1.19	0.11389
1.191	0.12027
1.192	0.12417
1.193	0.12537
1.194	0.12478
1.195	0.12393
1.196	0.12431
1.197	0.12668
1.198	0.13074
1.199	0.13516
1.2	0.13807
1.201	0.13769
1.202	0.13299
1.203	0.12407
1.204	0.1122
1.205	0.099543
1.206	0.088622
1.207	0.081721
1.208	0.080418
1.209	0.085277
1.21	0.095756
1.211	0.11029
1.212	0.12648
1.213	0.14144
1.214	0.15213
1.215	0.15598
1.216	0.15139
1.217	0.13842
1.218	0.11915
1.219	0.097826
1.22	0.080472
1.221	0.074006
1.222	0.085008
1.223	0.11836
1.224	0.1761
1.225	0.25688
1.226	0.35596
1.227	0.46602
1.228	0.57835
1.229	0.68425
1.23	0.77625
1.231	0.84905
1.232	0.89997
1.233	0.92894
1.234	0.93827
1.235	0.93209
1.236	0.91577
1.237	0.89507
1.238	0.87533
1.239	0.86063
1.24	0.85305
1.241	0.85236
1.242	0.85614
1.243	0.86041
1.244	0.86073
1.245	0.85342
1.246	0.83651
1.247	0.81024
1.248	0.77683
1.249	0.73973
1.25	0.70261
1.251	0.66835
1.252	0.63853
1.253	0.61343
1.254	0.59245
1.255	0.57471
1.256	0.55955
1.257	0.54664
1.258	0.53579
1.259	0.52654
1.26	0.51785
1.261	0.50814
1.262	0.49569
1.263	0.47928
1.264	0.45876
1.265	0.43531
1.266	0.41117
1.267	0.38886
1.268	0.37032
1.269	0.35617
1.27	0.34557
1.271	0.33659
1.272	0.32711
1.273	0.31575
1.274	0.30248
1.275	0.28859
1.276	0.27612
1.277	0.26683
1.278	0.26134
1.279	0.25873
1.28	0.25671
1.281	0.25257
1.282	0.24415
1.283	0.23081
1.284	0.2137
1.285	0.1954
1.286	0.17901
1.287	0.16712
1.288	0.16095
1.289	0.16015
1.29	0.1631
1.291	0.16767
1.292	0.17204
1.293	0.17518
1.294	0.17695
1.295	0.17774
1.296	0.17785
1.297	0.17709
1.298	0.17468
1.299	0.16951
1.3	0.16074
1.301	0.14838
1.302	0.13363
1.303	0.1187
1.304	0.10636
1.305	0.099085
1.306	0.098338
1.307	0.10411
1.308	0.11488
1.309	0.12802
1.31	0.14048
1.311	0.14947
1.312	0.15307
1.313	0.15059
1.314	0.14251
1.315	0.13038
1.316	0.11638
1.317	0.10289
1.318	0.09211
1.319	0.085599
1.32	0.084063
1.321	0.087231
1.322	0.093977
1.323	0.10263
1.324	0.11146
1.325	0.11917
1.326	0.12524
1.327	0.12997
1.328	0.13421
1.329	0.1388
1.33	0.14396
1.331	0.1489
1.332	0.15188
1.333	0.15066
1.334	0.14342
1.335	0.12968
1.336	0.11088
1.337	0.090368
1.338	0.072688
1.339	0.062285
1.34	0.062134
1.341	0.07271
1.342	0.091781
1.343	0.11513
1.344	0.13806
1.345	0.15721
1.346	0.17199
1.347	0.18527
1.348	0.20274
1.349	0.23141
1.35	0.27736
1.351	0.34371
1.352	0.42926
1.353	0.52843
1.354	0.63232
1.355	0.73079
1.356	0.81481
1.357	0.8784
1.358	0.91964
1.359	0.94059
1.36	0.94609
1.361	0.94201
1.362	0.93349
1.363	0.9237
1.364	0.91331
1.365	0.90102
1.366	0.88457
1.367	0.86205
1.368	0.83302
1.369	0.79901
1.37	0.76341
1.371	0.73061
1.372	0.70478
1.373	0.68872
1.374	0.68288
1.375	0.68516
1.376	0.69134
1.377	0.69609
1.378	0.69437
1.379	0.68271
1.38	0.66007
1.381	0.62804
1.382	0.59024
1.383	0.55121
1.384	0.51502
1.385	0.48418
1.386	0.45911
1.387	0.43835
1.388	0.41948
1.389	0.40029
1.39	0.37993
1.391	0.35932
1.392	0.34094
1.393	0.32778
1.394	0.32201
1.395	0.32378
1.396	0.33075
1.397	0.33847
1.398	0.34165
1.399	0.33592
1.4	0.31931
1.401	0.29311
1.402	0.26166
1.403	0.23107
1.404	0.20741
1.405	0.1949
1.406	0.19468
1.407	0.20463
1.408	0.22024
1.409	0.23607
1.41	0.24736
1.411	0.25126
1.412	0.24717
1.413	0.23633
1.414	0.22096
1.415	0.20317
1.416	0.18442
1.417	0.16535
1.418	0.14629
1.419	0.12782
1.42	0.1113
1.421	0.098833
1.422	0.092758
1.423	0.094814
1.424	0.1053
1.425	0.12264
1.426	0.14359
1.427	0.16401
1.428	0.17996
1.429	0.1888
1.43	0.18977
1.431	0.18398
1.432	0.17382
1.433	0.16198
1.434	0.15062
1.435	0.1408
1.436	0.13249
1.437	0.125
1.438	0.11767
1.439	0.1104
1.44	0.10389
1.441	0.099485
1.442	0.09866
1.443	0.10236
1.444	0.11053
1.445	0.12193
1.446	0.13436
1.447	0.14517
1.448	0.15192
1.449	0.15301
1.45	0.14804
1.451	0.13791
1.452	0.12457
1.453	0.11067
1.454	0.098909
1.455	0.091559
1.456	0.090004
1.457	0.094511
1.458	0.10423
1.459	0.11746
1.46	0.13203
1.461	0.14581
1.462	0.15711
1.463	0.16494
1.464	0.16894
1.465	0.16921
1.466	0.16609
1.467	0.15998
1.468	0.15152
1.469	0.14191
1.47	0.13348
1.471	0.13
1.472	0.13657
1.473	0.15893
1.474	0.20217
1.475	0.26912
1.476	0.35894
1.477	0.46653
1.478	0.58287
1.479	0.69657
1.48	0.7962
1.481	0.87279
1.482	0.92175
1.483	0.94366
1.484	0.9437
1.485	0.92996
1.486	0.91099
1.487	0.89372
1.488	0.88192
1.489	0.87596
1.49	0.87353
1.491	0.8711
1.492	0.86544
1.493	0.8547
1.494	0.83877
1.495	0.81889
1.496	0.79686
1.497	0.77419
1.498	0.7516
1.499	0.72903
1.5	0.70598
1.501	0.68208
1.502	0.65752
1.503	0.6331
1.504	0.60997
1.505	0.58921
1.506	0.57132
1.507	0.55605
1.508	0.54258
1.509	0.52989
1.51	0.51716
1.511	0.50413
1.512	0.49102
1.513	0.47826
1.514	0.46603
1.515	0.454
1.516	0.44123
1.517	0.42648
1.518	0.40878
1.519	0.38792
1.52	0.36483
1.521	0.3414
1.522	0.32003
1.523	0.30286
1.524	0.2911
1.525	0.28456
1.526	0.28173
1.527	0.28031
1.528	0.27785
1.529	0.27261
1.53	0.2639
1.531	0.25224
1.532	0.23893
1.533	0.22558
1.534	0.21349
1.535	0.20333
1.536	0.19513
1.537	0.18852
1.538	0.18311
1.539	0.17877
1.54	0.1758
1.541	0.17475
1.542	0.1761
1.543	0.17988
1.544	0.18545
1.545	0.19146
1.546	0.19616
1.547	0.19782
1.548	0.19518
1.549	0.18787
1.55	0.17651
1.551	0.16252
1.552	0.14781
1.553	0.13432
1.554	0.12363
1.555	0.11667
1.556	0.11371
1.557	0.11444
1.558	0.11816
1.559	0.124
1.56	0.13104
1.561	0.13835
1.562	0.14506
1.563	0.15031
1.564	0.15332
1.565	0.15353
1.566	0.15075
1.567	0.14531
1.568	0.13804
1.569	0.13023
1.57	0.12332
1.571	0.11859
1.572	0.11687
1.573	0.11838
1.574	0.1227
1.575	0.129
1.576	0.1362
1.577	0.14326
1.578	0.14924
1.579	0.1533
1.58	0.15464
1.581	0.15243
1.582	0.14595
1.583	0.13483
1.584	0.11947
1.585	0.10124
1.586	0.082532
1.587	0.066348
1.588	0.055596
1.589	0.0522
1.59	0.056409
1.591	0.0666
1.592	0.079769
1.593	0.092625
1.594	0.10299
1.595	0.11098
1.596	0.11957
1.597	0.13414
1.598	0.1611
1.599	0.20598
1.6	0.27158
1.601	0.35667
1.602	0.45596
1.603	0.56106
1.604	0.66239
1.605	0.75136
1.606	0.82214
1.607	0.87257
1.608	0.90404
1.609	0.92042
1.61	0.92662
1.611	0.92703
1.612	0.92463
1.613	0.92055
1.614	0.91439
1.615	0.90485
1.616	0.89052
1.617	0.87051
1.618	0.84481
1.619	0.81443
1.62	0.78132
1.621	0.74814
1.622	0.71787
1.623	0.69332
1.624	0.67658
1.625	0.66841
1.626	0.66783
1.627	0.67205
1.628	0.67687
1.629	0.67753
1.63	0.66987
1.631	0.65139
1.632	0.62198
1.633	0.58392
1.634	0.54127
1.635	0.49872
1.636	0.46039
1.637	0.42892
1.638	0.40513
1.639	0.3884
1.64	0.37733
1.641	0.37062
1.642	0.36746
1.643	0.36754
1.644	0.37055
1.645	0.37549
1.646	0.38026
1.647	0.3817
1.648	0.37633
1.649	0.36143
1.65	0.33618
1.651	0.30231
1.652	0.26393
1.653	0.22662
1.654	0.19592
1.655	0.17579
1.656	0.16757
1.657	0.16984
1.658	0.17904
1.659	0.19077
1.66	0.20122
1.661	0.2081
1.662	0.21095
1.663	0.21071
1.664	0.20879
1.665	0.20613
1.666	0.20267
1.667	0.1974
1.668	0.18894
1.669	0.17641
1.67	0.16016
1.671	0.142
1.672	0.12485
1.673	0.11194
1.674	0.10576
1.675	0.10731
1.676	0.11579
1.677	0.12888
1.678	0.14345
1.679	0.15642
1.68	0.16554
1.681	0.16964
1.682	0.16866
1.683	0.16325
1.684	0.1544
1.685	0.14316
1.686	0.13055
1.687	0.1177
1.688	0.10599
1.689	0.097013
1.69	0.092373
1.691	0.093236
1.692	0.099861
1.693	0.11129
1.694	0.1254
1.695	0.13927
1.696	0.14991
1.697	0.15501
1.698	0.15355
1.699	0.14598
1.7	0.13398
1.701	0.11996
1.702	0.10631
1.703	0.094851
1.704	0.086521
1.705	0.081441
1.706	0.07926
1.707	0.079597
1.708	0.082382
1.709	0.087925
1.71	0.096688
1.711	0.1088
1.712	0.12355
1.713	0.13907
1.714	0.1524
1.715	0.16005
1.716	0.15891
1.717	0.14748
1.718	0.12676
1.719	0.10082
1.72	0.076472
1.721	0.062293
1.722	0.066873
1.723	0.096896
1.724	0.15545
1.725	0.24104
1.726	0.34767
1.727	0.46593
1.728	0.58485
1.729	0.69404
1.73	0.78556
1.731	0.85505
1.732	0.90184
1.733	0.92831
1.734	0.93866
1.735	0.93759
1.736	0.92929
1.737	0.91699
1.738	0.90296
1.739	0.88877
1.74	0.87568
1.741	0.86472
1.742	0.85658
1.743	0.85135
1.744	0.84824
1.745	0.8456
1.746	0.84119
1.747	0.83267
1.748	0.81823
1.749	0.79701
1.75	0.76931
1.751	0.73643
1.752	0.70042
1.753	0.66361
1.754	0.62837
1.755	0.59687
1.756	0.5709
1.757	0.55172
1.758	0.53974
1.759	0.53431
1.76	0.53348
1.761	0.53417
1.762	0.53267
1.763	0.52548
1.764	0.51033
1.765	0.48693
1.766	0.45715
1.767	0.42463
1.768	0.39364
1.769	0.36779
1.77	0.34899
1.771	0.33692
1.772	0.32944
1.773	0.32355
1.774	0.31668
1.775	0.30769
1.776	0.29716
1.777	0.28692
1.778	0.27899
1.779	0.27439
1.78	0.27236
1.781	0.27041
1.782	0.26514
1.783	0.25364
1.784	0.23478
1.785	0.21004
1.786	0.18327
1.787	0.15967
1.788	0.14414
1.789	0.1397
1.79	0.14648
1.791	0.16166
1.792	0.18037
1.793	0.19723
1.794	0.2079
1.795	0.21027
1.796	0.2048
1.797	0.19406
1.798	0.18155
1.799	0.17046
1.8	0.16262
1.801	0.15801
1.802	0.15509
1.803	0.15154
1.804	0.14541
1.805	0.13601
1.806	0.12444
1.807	0.11333
1.808	0.10614
1.809	0.10594
1.81	0.1142
1.811	0.13011
1.812	0.15043
1.813	0.17023
1.814	0.18432
1.815	0.18876
1.816	0.18224
1.817	0.16659
1.818	0.14632
1.819	0.12728
1.82	0.11475
1.821	0.11177
1.822	0.11813
1.823	0.13056
1.824	0.14396
1.825	0.15328
1.826	0.15536
1.827	0.14995
1.828	0.13965
1.829	0.12866
1.83	0.12094
1.831	0.1186
1.832	0.12102
1.833	0.12528
1.834	0.12757
1.835	0.12503
1.836	0.11724
1.837	0.1066
1.838	0.097467
1.839	0.094339
1.84	0.099858
1.841	0.11355
1.842	0.1319
1.843	0.14977
1.844	0.1628
1.845	0.16961
1.846	0.17302
1.847	0.17964
1.848	0.19788
1.849	0.23502
1.85	0.2946
1.851	0.37488
1.852	0.46919
1.853	0.5679
1.854	0.66129
1.855	0.74226
1.856	0.80788
1.857	0.85927
1.858	0.90006
1.859	0.934
1.86	0.96296
1.861	0.98594
1.862	0.99962
1.863	1
1.864	0.98458
1.865	0.95395
1.866	0.91234
1.867	0.86664
1.868	0.82449
1.869	0.79199
1.87	0.77204
1.871	0.76366
1.872	0.76276
1.873	0.76373
1.874	0.76141
1.875	0.75261
1.876	0.73678
1.877	0.71563
1.878	0.69206
1.879	0.66879
1.88	0.64734
1.881	0.62762
1.882	0.6082
1.883	0.58718
1.884	0.56308
1.885	0.53563
1.886	0.50602
1.887	0.47665
1.888	0.45045
1.889	0.43014
1.89	0.41742
1.891	0.4126
1.892	0.41445
1.893	0.42045
1.894	0.42727
1.895	0.43142
1.896	0.42991
1.897	0.42081
1.898	0.40365
1.899	0.37955
1.9	0.35098
1.901	0.32128
1.902	0.29397
1.903	0.272
1.904	0.25716
1.905	0.24979
1.906	0.24881
1.907	0.25216
1.908	0.25741
1.909	0.26232
1.91	0.26524
1.911	0.2653
1.912	0.26224
1.913	0.25616
1.914	0.24728
1.915	0.23578
1.916	0.22195
1.917	0.20633
1.918	0.1899
1.919	0.17411
1.92	0.16072
1.921	0.15134
1.922	0.14704
1.923	0.14797
1.924	0.15328
1.925	0.16139
1.926	0.17043
1.927	0.17876
1.928	0.1854
1.929	0.19005
1.93	0.19294
1.931	0.19434
1.932	0.19419
1.933	0.19188
1.934	0.18639
1.935	0.17672
1.936	0.16255
1.937	0.1447
1.938	0.12531
1.939	0.10758
1.94	0.095041
1.941	0.090591
1.942	0.095624
1.943	0.10948
1.944	0.12946
1.945	0.15138
1.946	0.17055
1.947	0.18294
1.948	0.18616
1.949	0.17997
1.95	0.16629
1.951	0.14861
1.952	0.13103
1.953	0.1172
1.954	0.10948
1.955	0.10853
1.956	0.11336
1.957	0.12198
1.958	0.1322
1.959	0.1424
1.96	0.15194
1.961	0.16115
1.962	0.17069
1.963	0.1808
1.964	0.19061
1.965	0.19793
1.966	0.19973
1.967	0.19332
1.968	0.17778
1.969	0.15522
1.97	0.13126
1.971	0.11445
1.972	0.11457
1.973	0.14024
1.974	0.19656
1.975	0.28339
1.976	0.39499
1.977	0.52103
1.978	0.64876
1.979	0.76569
1.98	0.86198
1.981	0.93191
1.982	0.97428
1.983	0.99162
1.984	0.98894
1.985	0.97226
1.986	0.94753
1.987	0.92004
1.988	0.89417
1.989	0.87339
1.99	0.86003
1.991	0.85503
1.992	0.85751
1.993	0.86471
1.994	0.87232
1.995	0.87539
1.996	0.86961
1.997	0.85251
1.998	0.82425
1.999	0.78746
2	0.74639
2.001	0.70554
2.002	0.66823
2.003	0.63586
2.004	0.60788
2.005	0.58268
2.006	0.55875
2.007	0.53571
2.008	0.51466
2.009	0.49772
2.01	0.48685
2.011	0.48256
2.012	0.48315
2.013	0.48472
2.014	0.48231
2.015	0.47152
2.016	0.45023
2.017	0.41953
2.018	0.38365
2.019	0.34864
2.02	0.32047
2.021	0.30309
2.022	0.29717
2.023	0.3001
2.024	0.30701
2.025	0.31261
2.026	0.31303
2.027	0.30699
2.028	0.29598
2.029	0.28328
2.03	0.2724
2.031	0.26547
2.032	0.26232
2.033	0.26041
2.034	0.25595
2.035	0.24541
2.036	0.22718
2.037	0.20244
2.038	0.17515
2.039	0.15093
2.04	0.13531
2.041	0.13187
2.042	0.14104
2.043	0.15981
2.044	0.18258
2.045	0.20281
2.046	0.215
2.047	0.21616
2.048	0.20658
2.049	0.18939
2.05	0.1693
2.051	0.1509
2.052	0.13715
2.053	0.12864
2.054	0.12376
2.055	0.11981
2.056	0.11444
2.057	0.10697
2.058	0.098927
2.059	0.09363
2.06	0.094843
2.061	0.10509
2.062	0.12424
2.063	0.14895
2.064	0.17332
2.065	0.19059
2.066	0.1953
2.067	0.18519
2.068	0.16214
2.069	0.13176
2.07	0.1017
2.071	0.079386
2.072	0.069793
2.073	0.074128
2.074	0.089798
2.075	0.1116
2.076	0.13359
2.077	0.15099
2.078	0.1613
2.079	0.16447
2.08	0.1621
2.081	0.15617
2.082	0.14802
2.083	0.13794
2.084	0.12557
2.085	0.11083
2.086	0.094766
2.087	0.079932
2.088	0.069802
2.089	0.067523
2.09	0.074471
2.091	0.089323
2.092	0.10819
2.093	0.12594
2.094	0.13837
2.095	0.1443
2.096	0.14686
2.097	0.15315
2.098	0.17236
2.099	0.2128
2.1	0.27889
2.101	0.36918
2.102	0.4762
2.103	0.58823
2.104	0.69241
2.105	0.77822
2.106	0.84006
2.107	0.87819
2.108	0.8978
2.109	0.90658
2.11	0.91185
2.111	0.91819
2.112	0.92637
2.113	0.93379
2.114	0.93608
2.115	0.92912
2.116	0.91078
2.117	0.88162
2.118	0.84462
2.119	0.80409
2.12	0.76434
2.121	0.72867
2.122	0.69893
2.123	0.67574
2.124	0.65895
2.125	0.64814
2.126	0.64278
2.127	0.64196
2.128	0.64407
2.129	0.64649
2.13	0.64583
2.131	0.6386
2.132	0.62225
2.133	0.59613
2.134	0.562
2.135	0.52379
2.136	0.48658
2.137	0.45521
2.138	0.43291
2.139	0.42045
2.14	0.41612
2.141	0.4165
2.142	0.41766
2.143	0.41641
2.144	0.41104
2.145	0.40142
2.146	0.38847
2.147	0.37326
2.148	0.35634
2.149	0.33738
2.15	0.31551
2.151	0.29005
2.152	0.26126
2.153	0.23093
2.154	0.20225
2.155	0.17908
2.156	0.16489
2.157	0.16162
2.158	0.16894
2.159	0.1842
2.16	0.20309
2.161	0.22071
2.162	0.23284
2.163	0.23682
2.164	0.23198
2.165	0.21947
2.166	0.20165
2.167	0.18131
2.168	0.16102
2.169	0.14275
2.17	0.12779
2.171	0.1169
2.172	0.1105
2.173	0.10876
2.174	0.11156
2.175	0.1184
2.176	0.12826
2.177	0.13963
2.178	0.15071
2.179	0.1597
2.18	0.16526
2.181	0.16672
2.182	0.16429
2.183	0.1589
2.184	0.15192
2.185	0.14484
2.186	0.13889
2.187	0.13483
2.188	0.13287
2.189	0.13274
2.19	0.13388
2.191	0.13556
2.192	0.13708
2.193	0.13792
2.194	0.13777
2.195	0.13656
2.196	0.13444
2.197	0.13167
2.198	0.12849
2.199	0.12503
2.2	0.12116
2.201	0.11651
2.202	0.11057
2.203	0.1029
2.204	0.093417
2.205	0.082672
2.206	0.071984
2.207	0.063342
2.208	0.059074
2.209	0.061278
2.21	0.071172
2.211	0.088519
2.212	0.11134
2.213	0.13602
2.214	0.1579
2.215	0.17224
2.216	0.17541
2.217	0.16598
2.218	0.14549
2.219	0.11867
2.22	0.092868
2.221	0.076903
2.222	0.079476
2.223	0.10743
2.224	0.16427
2.225	0.24926
2.226	0.35726
2.227	0.47947
2.228	0.6048
2.229	0.72166
2.23	0.81983
2.231	0.89207
2.232	0.93515
2.233	0.9501
2.234	0.94182
2.235	0.91789
2.236	0.88707
2.237	0.85765
2.238	0.8359
2.239	0.82511
2.24	0.82526
2.241	0.83336
2.242	0.84452
2.243	0.85331
2.244	0.85514
2.245	0.84735
2.246	0.82965
2.247	0.80388
2.248	0.77321
2.249	0.74109
2.25	0.71021
2.251	0.682
2.252	0.65655
2.253	0.63309
2.254	0.61075
2.255	0.58912
2.256	0.56863
2.257	0.55028
2.258	0.53511
2.259	0.52355
2.26	0.51492
2.261	0.5074
2.262	0.4985
2.263	0.48583
2.264	0.46794
2.265	0.44476
2.266	0.41769
2.267	0.38901
2.268	0.36119
2.269	0.33606
2.27	0.31444
2.271	0.29625
2.272	0.28095
2.273	0.26825
2.274	0.25858
2.275	0.2531
2.276	0.25325
2.277	0.25988
2.278	0.27246
2.279	0.28863
2.28	0.30442
2.281	0.31514
2.282	0.31664
2.283	0.30665
2.284	0.28552
2.285	0.25628
2.286	0.22389
2.287	0.19384
2.288	0.17069
2.289	0.15698
2.29	0.15278
2.291	0.15601
2.292	0.16337
2.293	0.17151
2.294	0.17794
2.295	0.18153
2.296	0.18237
2.297	0.18123
2.298	0.17885
2.299	0.17541
2.3	0.1704
2.301	0.16288
2.302	0.15203
2.303	0.13775
2.304	0.12104
2.305	0.10394
2.306	0.089193
2.307	0.079528
2.308	0.076981
2.309	0.082365
2.31	0.095059
2.311	0.11313
2.312	0.13374
2.313	0.15366
2.314	0.1698
2.315	0.17968
2.316	0.18174
2.317	0.17557
2.318	0.16194
2.319	0.14282
2.32	0.12112
2.321	0.10035
2.322	0.084025
2.323	0.07508
2.324	0.075242
2.325	0.084623
2.326	0.10163
2.327	0.12318
2.328	0.14534
2.329	0.16401
2.33	0.17575
2.331	0.17837
2.332	0.17135
2.333	0.15581
2.334	0.13435
2.335	0.11053
2.336	0.088269
2.337	0.071142
2.338	0.061732
2.339	0.061131
2.34	0.068715
2.341	0.082315
2.342	0.098798
2.343	0.11502
2.344	0.12888
2.345	0.14028
2.346	0.1515
2.347	0.16697
2.348	0.1922
2.349	0.23231
2.35	0.29039
2.351	0.36634
2.352	0.45649
2.353	0.55424
2.354	0.65145
2.355	0.74029
2.356	0.81484
2.357	0.87208
2.358	0.91202
2.359	0.9369
2.36	0.95006
2.361	0.95465
2.362	0.95286
2.363	0.94569
2.364	0.93323
2.365	0.91534
2.366	0.89216
2.367	0.86439
2.368	0.8333
2.369	0.80041
2.37	0.76723
2.371	0.73511
2.372	0.70535
2.373	0.6793
2.374	0.65844
2.375	0.64407
2.376	0.63683
2.377	0.63602
2.378	0.63917
2.379	0.6422
2.38	0.64023
2.381	0.62892
2.382	0.60598
2.383	0.57219
2.384	0.53158
2.385	0.49044
2.386	0.4555
2.387	0.43178
2.388	0.42099
2.389	0.42089
2.39	0.42607
2.391	0.42983
2.392	0.42648
2.393	0.41327
2.394	0.39122
2.395	0.36451
2.396	0.33882
2.397	0.319
2.398	0.30722
2.399	0.30215
2.4	0.29957
2.401	0.29412
2.402	0.28151
2.403	0.2604
2.404	0.23317
2.405	0.20522
2.406	0.18316
2.407	0.17245
2.408	0.1754
2.409	0.19024
2.41	0.21161
2.411	0.2323
2.412	0.24558
2.413	0.24728
2.414	0.23692
2.415	0.21761
2.416	0.19468
2.417	0.17369
2.418	0.15861
2.419	0.1507
2.42	0.14847
2.421	0.14874
2.422	0.14819
2.423	0.14481
2.424	0.13868
2.425	0.13183
2.426	0.12724
2.427	0.1274
2.428	0.13309
2.429	0.14287
2.43	0.15338
2.431	0.16059
2.432	0.16112
2.433	0.15361
2.434	0.13912
2.435	0.12087
2.436	0.10311
2.437	0.089761
2.438	0.083275
2.439	0.084076
2.44	0.090803
2.441	0.10111
2.442	0.11265
2.443	0.12386
2.444	0.1341
2.445	0.14341
2.446	0.15175
2.447	0.15849
2.448	0.16217
2.449	0.16089
2.45	0.15314
2.451	0.13864
2.452	0.1189
2.453	0.09712
2.454	0.077358
2.455	0.063375
2.456	0.057461
2.457	0.059808
2.458	0.068627
2.459	0.080971
2.46	0.093908
2.461	0.10553
2.462	0.11535
2.463	0.12398
2.464	0.13226
2.465	0.14022
2.466	0.14664
2.467	0.1493
2.468	0.14607
2.469	0.13654
2.47	0.1232
2.471	0.11198
2.472	0.11135
2.473	0.13035
2.474	0.17597
2.475	0.25081
2.476	0.35169
2.477	0.46994
2.478	0.59313
2.479	0.70796
2.48	0.80321
2.481	0.87219
2.482	0.91367
2.483	0.93144
2.484	0.9326
2.485	0.92517
2.486	0.91595
2.487	0.909
2.488	0.90529
2.489	0.90321
2.49	0.89981
2.491	0.89223
2.492	0.87885
2.493	0.85982
2.494	0.83695
2.495	0.81305
2.496	0.79087
2.497	0.77214
2.498	0.7569
2.499	0.74335
2.5	0.72844
2.501	0.70877
2.502	0.68188
2.503	0.64728
2.504	0.60693
2.505	0.56505
2.506	0.52701
2.507	0.49784
2.508	0.48059
2.509	0.47533
2.51	0.47887
2.511	0.48571
2.512	0.48957
2.513	0.48532
2.514	0.4705
2.515	0.44586
2.516	0.41497
2.517	0.38283
2.518	0.35416
2.519	0.33202
2.52	0.31711
2.521	0.3081
2.522	0.30265
2.523	0.29867
2.524	0.29524
2.525	0.29278
2.526	0.29245
2.527	0.29508
2.528	0.30016
2.529	0.30543
2.53	0.30726
2.531	0.30189
2.532	0.28684
2.533	0.26214
2.534	0.23064
2.535	0.19743
2.536	0.16832
2.537	0.14814
2.538	0.13932
2.539	0.14124
2.54	0.15076
2.541	0.16339
2.542	0.17486
2.543	0.18241
2.544	0.18532
2.545	0.18464
2.546	0.18224
2.547	0.17977
2.548	0.17775
2.549	0.17544
2.55	0.17122
2.551	0.16355
2.552	0.15184
2.553	0.13702
2.554	0.1215
2.555	0.10854
2.556	0.10126
2.557	0.10163
2.558	0.10989
2.559	0.12442
2.56	0.14221
2.561	0.15966
2.562	0.17348
2.563	0.18138
2.564	0.18243
2.565	0.17707
2.566	0.16681
2.567	0.15381
2.568	0.14042
2.569	0.12878
2.57	0.12056
2.571	0.11675
2.572	0.11757
2.573	0.12249
2.574	0.13038
2.575	0.13969
2.576	0.14883
2.577	0.15644
2.578	0.16162
2.579	0.16394
2.58	0.16334
2.581	0.15992
2.582	0.15377
2.583	0.1449
2.584	0.13346
2.585	0.11998
2.586	0.10569
2.587	0.092504
2.588	0.082726
2.589	0.078441
2.59	0.080777
2.591	0.089371
2.592	0.10233
2.593	0.11684
2.594	0.13027
2.595	0.14149
2.596	0.15183
2.597	0.16525
2.598	0.18751
2.599	0.22454
2.6	0.28045
2.601	0.35587
2.602	0.44731
2.603	0.54767
2.604	0.64797
2.605	0.73961
2.606	0.81636
2.607	0.87556
2.608	0.91804
2.609	0.9469
2.61	0.9657
2.611	0.97691
2.612	0.98101
2.613	0.9768
2.614	0.96251
2.615	0.93736
2.616	0.90269
2.617	0.86228
2.618	0.82161
2.619	0.78637
2.62	0.76079
2.621	0.74645
2.622	0.742
2.623	0.74379
2.624	0.74729
2.625	0.74848
2.626	0.74481
2.627	0.7355
2.628	0.72104
2.629	0.70237
2.63	0.68009
2.631	0.65423
2.632	0.62446
2.633	0.59078
2.634	0.55412
2.635	0.51663
2.636	0.48133
2.637	0.45135
2.638	0.42888
2.639	0.41443
2.64	0.40669
2.641	0.40295
2.642	0.40009
2.643	0.39553
2.644	0.38798
2.645	0.37753
2.646	0.36522
2.647	0.35227
2.648	0.33942
2.649	0.3265
2.65	0.31271
2.651	0.29708
2.652	0.27925
2.653	0.25988
2.654	0.2407
2.655	0.22407
2.656	0.21216
2.657	0.20624
2.658	0.20616
2.659	0.21038
2.66	0.21634
2.661	0.2213
2.662	0.223
2.663	0.22021
2.664	0.21296
2.665	0.20232
2.666	0.19
2.667	0.1779
2.668	0.16759
2.669	0.1601
2.67	0.15576
2.671	0.15424
2.672	0.15477
2.673	0.15631
2.674	0.15793
2.675	0.15906
2.676	0.15966
2.677	0.1602
2.678	0.16146
2.679	0.16407
2.68	0.16806
2.681	0.17253
2.682	0.1757
2.683	0.17526
2.684	0.1692
2.685	0.15661
2.686	0.13835
2.687	0.1172
2.688	0.097372
2.689	0.083427
2.69	0.079009
2.691	0.085717
2.692	0.10256
2.693	0.12615
2.694	0.15163
2.695	0.17396
2.696	0.18919
2.697	0.19529
2.698	0.19234
2.699	0.18208
2.7	0.16711
2.701	0.15005
2.702	0.13295
2.703	0.1172
2.704	0.10369
2.705	0.093185
2.706	0.086595
2.707	0.084975
2.708	0.089219
2.709	0.09962
2.71	0.11546
2.711	0.13487
2.712	0.15502
2.713	0.17267
2.714	0.18479
2.715	0.18922
2.716	0.18515
2.717	0.17328
2.718	0.15585
2.719	0.13644
2.72	0.11969
2.721	0.11091
2.722	0.11555
2.723	0.13848
2.724	0.18316
2.725	0.25075
2.726	0.33941
2.727	0.44407
2.728	0.55683
2.729	0.66803
2.73	0.76778
2.731	0.84778
2.732	0.90277
2.733	0.93143
2.734	0.93641
2.735	0.92356
2.736	0.90045
2.737	0.87474
2.738	0.85267
2.739	0.83802
2.74	0.83179
2.741	0.83246
2.742	0.83682
2.743	0.84092
2.744	0.84114
2.745	0.83487
2.746	0.82096
2.747	0.79971
2.748	0.77263
2.749	0.74189
2.75	0.70987
2.751	0.67864
2.752	0.64965
2.753	0.62359
2.754	0.60047
2.755	0.5798
2.756	0.56079
2.757	0.5427
2.758	0.52499
2.759	0.50741
2.76	0.49011
2.761	0.47349
2.762	0.45804
2.763	0.44417
2.764	0.43195
2.765	0.42091
2.766	0.41
2.767	0.39775
2.768	0.38254
2.769	0.36317
2.77	0.3394
2.771	0.31234
2.772	0.28453
2.773	0.25955
2.774	0.24122
2.775	0.23253
2.776	0.23458
2.777	0.24606
2.778	0.26323
2.779	0.28074
2.78	0.29299
2.781	0.2956
2.782	0.28662
2.783	0.26701
2.784	0.24026
2.785	0.21131
2.786	0.18504
2.787	0.16503
2.788	0.15275
2.789	0.14766
2.79	0.14785
2.791	0.15111
2.792	0.15579
2.793	0.1612
2.794	0.16735
2.795	0.17432
2.796	0.18144
2.797	0.18694
2.798	0.18817
2.799	0.18242
2.8	0.16814
2.801	0.14593
2.802	0.11893
2.803	0.092292
2.804	0.071844
2.805	0.062373
2.806	0.066073
2.807	0.081794
2.808	0.10532
2.809	0.13069
2.81	0.15198
2.811	0.16509
2.812	0.1688
2.813	0.16475
2.814	0.1565
2.815	0.14795
2.816	0.14179
2.817	0.13864
2.818	0.13705
2.819	0.13441
2.82	0.12838
2.821	0.1182
2.822	0.10539
2.823	0.093422
2.824	0.086609
2.825	0.088471
2.826	0.10025
2.827	0.12016
2.828	0.14363
2.829	0.16456
2.83	0.17717
2.831	0.17776
2.832	0.16594
2.833	0.1447
2.834	0.11955
2.835	0.096808
2.836	0.081776
2.837	0.077266
2.838	0.083028
2.839	0.096147
2.84	0.11224
2.841	0.12701
2.842	0.13768
2.843	0.14377
2.844	0.14723
2.845	0.15175
2.846	0.16173
2.847	0.18128
2.848	0.21334
2.849	0.25935
2.85	0.31918
2.851	0.39133
2.852	0.47315
2.853	0.56096
2.854	0.65019
2.855	0.73557
2.856	0.81166
2.857	0.87357
2.858	0.91792
2.859	0.94371
2.86	0.95267
2.861	0.94899
2.862	0.93824
2.863	0.92583
2.864	0.91546
2.865	0.90807
2.866	0.90179
2.867	0.89285
2.868	0.87726
2.869	0.85269
2.87	0.81969
2.871	0.78193
2.872	0.74517
2.873	0.71543
2.874	0.69681
2.875	0.68999
2.876	0.69178
2.877	0.69611
2.878	0.69594
2.879	0.68557
2.88	0.6624
2.881	0.62766
2.882	0.58574
2.883	0.54257
2.884	0.50353
2.885	0.47186
2.886	0.44799
2.887	0.42996
2.888	0.41477
2.889	0.39995
2.89	0.38472
2.891	0.3703
2.892	0.35917
2.893	0.3538
2.894	0.35525
2.895	0.36222
2.896	0.37118
2.897	0.37722
2.898	0.37568
2.899	0.36363
2.9	0.3409
2.901	0.31022
2.902	0.27633
2.903	0.2447
2.904	0.21991
2.905	0.20457
2.906	0.19889
2.907	0.20099
2.908	0.2078
2.909	0.2161
2.91	0.22342
2.911	0.22841
2.912	0.23082
2.913	0.23106
2.914	0.22962
2.915	0.22672
2.916	0.22216
2.917	0.21551
2.918	0.20651
2.919	0.19542
2.92	0.18325
2.921	0.17164
2.922	0.16253
2.923	0.15758
2.924	0.15765
2.925	0.16247
2.926	0.1706
2.927	0.17979
2.928	0.18747
2.929	0.19149
2.93	0.19063
2.931	0.18489
2.932	0.17539
2.933	0.16397
2.934	0.15265
2.935	0.143
2.936	0.13581
2.937	0.13106
2.938	0.12816
2.939	0.12643
2.94	0.12558
2.941	0.12592
2.942	0.1283
2.943	0.13365
2.944	0.1424
2.945	0.15393
2.946	0.16634
2.947	0.17674
2.948	0.18194
2.949	0.17945
2.95	0.16837
2.951	0.14988
2.952	0.1271
2.953	0.10439
2.954	0.08612
2.955	0.075577
2.956	0.074082
2.957	0.080838
2.958	0.093403
2.959	0.10861
2.96	0.12358
2.961	0.1364
2.962	0.14624
2.963	0.15304
2.964	0.15679
2.965	0.15703
2.966	0.1528
2.967	0.1432
2.968	0.12838
2.969	0.11061
2.97	0.094791
2.971	0.088102
2.972	0.098663
2.973	0.13345
2.974	0.19615
2.975	0.28561
2.976	0.39554
2.977	0.51554
2.978	0.63339
2.979	0.7377
2.98	0.82032
2.981	0.87777
2.982	0.91119
2.983	0.92518
2.984	0.92593
2.985	0.91928
2.986	0.90945
2.987	0.89862
2.988	0.88746
2.989	0.87595
2.99	0.86428
2.991	0.85324
2.992	0.84397
2.993	0.83739
2.994	0.83338
2.995	0.83048
2.996	0.82597
2.997	0.81666
2.998	0.79986
2.999	0.77436
3	0.7409
3.001	0.7021
3.002	0.66178
3.003	0.62403
3.004	0.5922
3.005	0.56826
3.006	0.5526
3.007	0.54415
3.008	0.54077
3.009	0.53981
3.01	0.5385
3.011	0.53436
3.012	0.52547
3.013	0.51076
3.014	0.49015
3.015	0.4647
3.016	0.43641
3.017	0.40789
3.018	0.38174
3.019	0.35994
3.02	0.34343
3.021	0.33188
3.022	0.32405
3.023	0.31826
3.024	0.31303
3.025	0.30757
3.026	0.30181
3.027	0.29617
3.028	0.291
3.029	0.28614
3.03	0.28075
3.031	0.27347
3.032	0.26304
3.033	0.24891
3.034	0.23168
3.035	0.21313
3.036	0.19575
3.037	0.18195
3.038	0.1733
3.039	0.17
3.04	0.171
3.041	0.1744
3.042	0.17825
3.043	0.18119
3.044	0.18274
3.045	0.18313
3.046	0.18277
3.047	0.18167
3.048	0.17908
3.049	0.17365
3.05	0.16397
3.051	0.14944
3.052	0.13091
3.053	0.11086
3.054	0.093013
3.055	0.081368
3.056	0.078992
3.057	0.087046
3.058	0.10435
3.059	0.12764
3.06	0.15244
3.061	0.17419
3.062	0.18935
3.063	0.19605
3.064	0.19419
3.065	0.18513
3.066	0.17107
3.067	0.15449
3.068	0.13777
3.069	0.12294
3.07	0.11175
3.071	0.10557
3.072	0.10528
3.073	0.11107
3.074	0.12218
3.075	0.13684
3.076	0.15246
3.077	0.16614
3.078	0.17526
3.079	0.17812
3.08	0.17427
3.081	0.16449
3.082	0.15046
3.083	0.1342
3.084	0.11768
3.085	0.10252
3.086	0.090021
3.087	0.081346
3.088	0.077627
3.089	0.079885
3.09	0.08869
3.091	0.10371
3.092	0.12341
3.093	0.14515
3.094	0.1659
3.095	0.18334
3.096	0.1971
3.097	0.20959
3.098	0.22588
3.099	0.25267
3.1	0.29628
3.101	0.36049
3.102	0.44481
3.103	0.54387
3.104	0.64839
3.105	0.74734
3.106	0.83073
3.107	0.89212
3.108	0.93002
3.109	0.94763
3.11	0.95125
3.111	0.94777
3.112	0.94232
3.113	0.93683
3.114	0.93001
3.115	0.91864
3.116	0.89952
3.117	0.87143
3.118	0.83601
3.119	0.79758
3.12	0.76174
3.121	0.73347
3.122	0.71547
3.123	0.7074
3.124	0.70612
3.125	0.70699
3.126	0.70545
3.127	0.69832
3.128	0.68443
3.129	0.66435
3.13	0.63951
3.131	0.61134
3.132	0.5806
3.133	0.54753
3.134	0.51235
3.135	0.47606
3.136	0.44089
3.137	0.41013
3.138	0.38729
3.139	0.3749
3.14	0.37338
3.141	0.3805
3.142	0.39179
3.143	0.40162
3.144	0.40487
3.145	0.39829
3.146	0.38141
3.147	0.35642
3.148	0.32728
3.149	0.29837
3.15	0.27315
3.151	0.25336
3.152	0.23887
3.153	0.22827
3.154	0.21976
3.155	0.21204
3.156	0.20485
3.157	0.19895
3.158	0.19566
3.159	0.19612
3.16	0.20064
3.161	0.20833
3.162	0.21714
3.163	0.22436
3.164	0.22728
3.165	0.22391
3.166	0.21355
3.167	0.19696
3.168	0.17625
3.169	0.15444
3.17	0.13482
3.171	0.12026
3.172	0.11269
3.173	0.11275
3.174	0.11966
3.175	0.13154
3.176	0.14572
3.177	0.15936
3.178	0.16993
3.179	0.17564
3.18	0.17565
3.181	0.17009
3.182	0.15992
3.183	0.14669
3.184	0.13221
3.185	0.11835
3.186	0.10676
3.187	0.098729
3.188	0.095061
3.189	0.095973
3.19	0.10108
3.191	0.10947
3.192	0.11977
3.193	0.13042
3.194	0.13986
3.195	0.14673
3.196	0.15009
3.197	0.1495
3.198	0.14505
3.199	0.13734
3.2	0.12742
3.201	0.11666
3.202	0.1066
3.203	0.098694
3.204	0.094085
3.205	0.093311
3.206	0.096183
3.207	0.10182
3.208	0.10888
3.209	0.11596
3.21	0.12203
3.211	0.12663
3.212	0.1299
3.213	0.13222
3.214	0.13376
3.215	0.13404
3.216	0.1319
3.217	0.12594
3.218	0.11543
3.219	0.1014
3.22	0.087449
3.221	0.079778
3.222	0.086297
3.223	0.11481
3.224	0.17075
3.225	0.2552
3.226	0.36384
3.227	0.48736
3.228	0.61324
3.229	0.72852
3.23	0.82268
3.231	0.88981
3.232	0.92934
3.233	0.94531
3.234	0.94445
3.235	0.9338
3.236	0.91883
3.237	0.90247
3.238	0.88544
3.239	0.86734
3.24	0.84806
3.241	0.82869
3.242	0.8116
3.243	0.79954
3.244	0.79431
3.245	0.79548
3.246	0.79995
3.247	0.80247
3.248	0.79716
3.249	0.77943
3.25	0.7476
3.251	0.70369
3.252	0.65302
3.253	0.60272
3.254	0.55977
3.255	0.52916
3.256	0.5127
3.257	0.50892
3.258	0.51389
3.259	0.52255
3.26	0.53017
3.261	0.53327
3.262	0.53009
3.263	0.52032
3.264	0.50458
3.265	0.48388
3.266	0.45922
3.267	0.43162
3.268	0.40222
3.269	0.37247
3.27	0.34414
3.271	0.31914
3.272	0.29917
3.273	0.28529
3.274	0.27766
3.275	0.27553
3.276	0.27742
3.277	0.28138
3.278	0.2854
3.279	0.28756
3.28	0.28622
3.281	0.28008
3.282	0.26833
3.283	0.2508
3.284	0.22826
3.285	0.20251
3.286	0.17632
3.287	0.15303
3.288	0.13585
3.289	0.1271
3.29	0.12748
3.291	0.13579
3.292	0.14919
3.293	0.16391
3.294	0.17625
3.295	0.18355
3.296	0.18475
3.297	0.18042
3.298	0.17226
3.299	0.1623
3.3	0.15211
3.301	0.14237
3.302	0.13289
3.303	0.12308
3.304	0.11263
3.305	0.10205
3.306	0.092838
3.307	0.087127
3.308	0.087011
3.309	0.093693
3.31	0.10688
3.311	0.12462
3.312	0.14369
3.313	0.16039
3.314	0.17154
3.315	0.17525
3.316	0.17129
3.317	0.16099
3.318	0.1467
3.319	0.13108
3.32	0.11645
3.321	0.10441
3.322	0.095825
3.323	0.091045
3.324	0.090238
3.325	0.093614
3.326	0.1014
3.327	0.11361
3.328	0.1296
3.329	0.14777
3.33	0.16547
3.331	0.17932
3.332	0.18591
3.333	0.18273
3.334	0.1691
3.335	0.14666
3.336	0.11938
3.337	0.092766
3.338	0.072587
3.339	0.063352
3.34	0.067016
3.341	0.082349
3.342	0.10528
3.343	0.13018
3.344	0.15175
3.345	0.167
3.346	0.17662
3.347	0.18519
3.348	0.20018
3.349	0.22974
3.35	0.28017
3.351	0.35369
3.352	0.44727
3.353	0.55307
3.354	0.6603
3.355	0.75788
3.356	0.83726
3.357	0.89428
3.358	0.92969
3.359	0.94812
3.36	0.95599
3.361	0.95911
3.362	0.96084
3.363	0.96134
3.364	0.95819
3.365	0.94785
3.366	0.92763
3.367	0.89701
3.368	0.85829
3.369	0.81593
3.37	0.77528
3.371	0.74099
3.372	0.7157
3.373	0.6996
3.374	0.69071
3.375	0.68579
3.376	0.6815
3.377	0.67521
3.378	0.66538
3.379	0.65143
3.38	0.63324
3.381	0.6108
3.382	0.58398
3.383	0.55273
3.384	0.51749
3.385	0.47958
3.386	0.44134
3.387	0.40584
3.388	0.3762
3.389	0.35482
3.39	0.34266
3.391	0.33897
3.392	0.34145
3.393	0.34694
3.394	0.35215
3.395	0.35448
3.396	0.35246
3.397	0.34576
3.398	0.33491
3.399	0.32086
3.4	0.30455
3.401	0.28669
3.402	0.26778
3.403	0.24827
3.404	0.22881
3.405	0.21035
3.406	0.19412
3.407	0.18141
3.408	0.17327
3.409	0.17026
3.41	0.17227
3.411	0.17848
3.412	0.18747
3.413	0.19734
3.414	0.20592
3.415	0.21098
3.416	0.21045
3.417	0.20281
3.418	0.18744
3.419	0.165
3.42	0.1377
3.421	0.10921
3.422	0.084128
3.423	0.067091
3.424	0.061646
3.425	0.069176
3.426	0.088262
3.427	0.11475
3.428	0.14257
3.429	0.16522
3.43	0.17744
3.431	0.17663
3.432	0.16357
3.433	0.14213
3.434	0.11816
3.435	0.097705
3.436	0.085364
3.437	0.083055
3.438	0.089747
3.439	0.1021
3.44	0.11579
3.441	0.12699
3.442	0.13351
3.443	0.13522
3.444	0.13359
3.445	0.13076
3.446	0.12836
3.447	0.12676
3.448	0.12493
3.449	0.12109
3.45	0.1137
3.451	0.10249
3.452	0.088961
3.453	0.076122
3.454	0.067505
3.455	0.065825
3.456	0.071789
3.457	0.083631
3.458	0.097558
3.459	0.10904
3.46	0.11444
3.461	0.1124
3.462	0.10431
3.463	0.093739
3.464	0.084956
3.465	0.081101
3.466	0.082823
3.467	0.087992
3.468	0.092705
3.469	0.093315
3.47	0.088691
3.471	0.0818
3.472	0.079843
3.473	0.092669
3.474	0.12987
3.475	0.19749
3.476	0.29543
3.477	0.41664
3.478	0.54833
3.479	0.67508
3.48	0.78268
3.481	0.86157
3.482	0.90884
3.483	0.92809
3.484	0.92747
3.485	0.91661
3.486	0.90369
3.487	0.89341
3.488	0.88668
3.489	0.88159
3.49	0.87526
3.491	0.86559
3.492	0.85218
3.493	0.83622
3.494	0.81951
3.495	0.80323
3.496	0.78719
3.497	0.76981
3.498	0.74901
3.499	0.72346
3.5	0.69351
3.501	0.6615
3.502	0.631
3.503	0.60545
3.504	0.58669
3.505	0.57412
3.506	0.56481
3.507	0.55466
3.508	0.53998
3.509	0.51907
3.51	0.49282
3.511	0.46436
3.512	0.43766
3.513	0.41586
3.514	0.39993
3.515	0.38823
3.516	0.37733
3.517	0.36344
3.518	0.34414
3.519	0.31954
3.52	0.29234
3.521	0.26692
3.522	0.24769
3.523	0.2375
3.524	0.23661
3.525	0.24269
3.526	0.25181
3.527	0.25984
3.528	0.26377
3.529	0.26249
3.53	0.25661
3.531	0.24769
3.532	0.23716
3.533	0.22558
3.534	0.21246
3.535	0.19682
3.536	0.17805
3.537	0.15684
3.538	0.13546
3.539	0.11746
3.54	0.10656
3.541	0.10542
3.542	0.11455
3.543	0.13186
3.544	0.15306
3.545	0.17277
3.546	0.18595
3.547	0.18922
3.548	0.18156
3.549	0.16444
3.55	0.14118
3.551	0.11595
3.552	0.092836
3.553	0.075018
3.554	0.064467
3.555	0.061956
3.556	0.067284
3.557	0.079557
3.558	0.097344
3.559	0.11873
3.56	0.14132
3.561	0.16232
3.562	0.1788
3.563	0.18815
3.564	0.1886
3.565	0.17967
3.566	0.16246
3.567	0.13947
3.568	0.11411
3.569	0.090055
3.57	0.070467
3.571	0.057446
3.572	0.0518
3.573	0.05315
3.574	0.060297
3.575	0.071663
3.576	0.085636
3.577	0.10069
3.578	0.11533
3.579	0.12791
3.58	0.13656
3.581	0.13934
3.582	0.13475
3.583	0.12227
3.584	0.10302
3.585	0.079899
3.586	0.057311
3.587	0.040187
3.588	0.03269
3.589	0.036895
3.59	0.05198
3.591	0.074258
3.592	0.098191
3.593	0.11814
3.594	0.13038
3.595	0.13459
3.596	0.1345
3.597	0.13711
3.598	0.15085
3.599	0.18315
3.6	0.23814
3.601	0.31524
3.602	0.40914
3.603	0.51107
3.604	0.61105
3.605	0.70028
3.606	0.77309
3.607	0.82768
3.608	0.86567
3.609	0.89076
3.61	0.90692
3.611	0.91695
3.612	0.92176
3.613	0.92058
3.614	0.91193
3.615	0.89484
3.616	0.86979
3.617	0.83905
3.618	0.80629
3.619	0.77555
3.62	0.7501
3.621	0.73156
3.622	0.71949
3.623	0.71183
3.624	0.70563
3.625	0.6981
3.626	0.68743
3.627	0.67307
3.628	0.65563
3.629	0.63626
3.63	0.6159
3.631	0.59478
3.632	0.57227
3.633	0.54715
3.634	0.51831
3.635	0.48552
3.636	0.4499
3.637	0.41407
3.638	0.38165
3.639	0.35632
3.64	0.34071
3.641	0.33548
3.642	0.33888
3.643	0.34698
3.644	0.35468
3.645	0.35697
3.646	0.35035
3.647	0.33372
3.648	0.30855
3.649	0.27836
3.65	0.24749
3.651	0.21982
3.652	0.19774
3.653	0.18183
3.654	0.17118
3.655	0.16435
3.656	0.16035
3.657	0.15922
3.658	0.16198
3.659	0.1699
3.66	0.18336
3.661	0.20093
3.662	0.21904
3.663	0.23261
3.664	0.23651
3.665	0.22733
3.666	0.20476
3.667	0.17215
3.668	0.1357
3.669	0.1028
3.67	0.079749
3.671	0.069982
3.672	0.073181
3.673	0.085732
3.674	0.10227
3.675	0.11767
3.676	0.12875
3.677	0.13502
3.678	0.13822
3.679	0.14102
3.68	0.1454
3.681	0.15143
3.682	0.15711
3.683	0.15916
3.684	0.15456
3.685	0.14214
3.686	0.12344
3.687	0.10258
3.688	0.085083
3.689	0.076033
3.69	0.078403
3.691	0.092024
3.692	0.11365
3.693	0.138
3.694	0.15939
3.695	0.17329
3.696	0.17747
3.697	0.17214
3.698	0.15953
3.699	0.1429
3.7	0.12556
3.701	0.11013
3.702	0.098268
3.703	0.090705
3.704	0.087449
3.705	0.088019
3.706	0.091593
3.707	0.097109
3.708	0.1034
3.709	0.10941
3.71	0.11447
3.711	0.11846
3.712	0.12178
3.713	0.12497
3.714	0.12822
3.715	0.13089
3.716	0.1314
3.717	0.1277
3.718	0.11834
3.719	0.10366
3.72	0.086849
3.721	0.074109
3.722	0.073802
3.723	0.094539
3.724	0.14275
3.725	0.22045
3.726	0.32409
3.727	0.44471
3.728	0.5698
3.729	0.68606
3.73	0.78237
3.731	0.85209
3.732	0.89406
3.733	0.91202
3.734	0.9129
3.735	0.9045
3.736	0.89344
3.737	0.88382
3.738	0.87704
3.739	0.87234
3.74	0.86796
3.741	0.86213
3.742	0.85374
3.743	0.84246
3.744	0.82844
3.745	0.81187
3.746	0.79269
3.747	0.77055
3.748	0.74509
3.749	0.71631
3.75	0.68481
3.751	0.65186
3.752	0.61915
3.753	0.58844
3.754	0.56108
3.755	0.53779
3.756	0.51863
3.757	0.50311
3.758	0.49049
3.759	0.47999
3.76	0.47093
3.761	0.46267
3.762	0.45456
3.763	0.44581
3.764	0.43552
3.765	0.42282
3.766	0.40702
3.767	0.38793
3.768	0.36594
3.769	0.34205
3.77	0.31775
3.771	0.29474
3.772	0.2746
3.773	0.25854
3.774	0.24713
3.775	0.24025
3.776	0.23708
3.777	0.23628
3.778	0.23617
3.779	0.23512
3.78	0.23172
3.781	0.22516
3.782	0.21524
3.783	0.20246
3.784	0.18786
3.785	0.17279
3.786	0.15864
3.787	0.14661
3.788	0.13754
3.789	0.13186
3.79	0.12956
3.791	0.13027
3.792	0.13326
3.793	0.1375
3.794	0.1417
3.795	0.14444
3.796	0.14439
3.797	0.14054
3.798	0.13253
3.799	0.12083
3.8	0.10675
3.801	0.092256
3.802	0.079556
3.803	0.070646
3.804	0.066887
3.805	0.068767
3.806	0.075898
3.807	0.087205
3.808	0.10119
3.809	0.11621
3.81	0.13057
3.811	0.14256
3.812	0.15048
3.813	0.15274
3.814	0.14809
3.815	0.13604
3.816	0.11728
3.817	0.093853
3.818	0.069024
3.819	0.046702
3.82	0.030542
3.821	0.023006
3.822	0.024694
3.823	0.03421
3.824	0.048631
3.825	0.064428
3.826	0.078518
3.827	0.089047
3.828	0.095636
3.829	0.099014
3.83	0.10026
3.831	0.099986
3.832	0.09787
3.833	0.092774
3.834	0.083413
3.835	0.069279
3.836	0.051413
3.837	0.032598
3.838	0.016821
3.839	0.0081297
3.84	0.0092923
3.841	0.020781
3.842	0.040546
3.843	0.0647
3.844	0.088964
3.845	0.11035
3.846	0.12848
3.847	0.14608
3.848	0.1683
3.849	0.20126
3.85	0.25
3.851	0.31683
3.852	0.40023
3.853	0.49503
3.854	0.59344
3.855	0.68687
3.856	0.7678
3.857	0.83131
3.858	0.87578
3.859	0.9027
3.86	0.9157
3.861	0.91926
3.862	0.91737
3.863	0.91254
3.864	0.90551
3.865	0.89548
3.866	0.88086
3.867	0.86019
3.868	0.83296
3.869	0.80014
3.87	0.76407
3.871	0.72802
3.872	0.69537
3.873	0.66873
3.874	0.64931
3.875	0.63663
3.876	0.62876
3.877	0.62294
3.878	0.61628
3.879	0.60654
3.88	0.59245
3.881	0.57385
3.882	0.55133
3.883	0.52589
3.884	0.49854
3.885	0.47016
3.886	0.44153
3.887	0.41356
3.888	0.38743
3.889	0.36459
3.89	0.34651
3.891	0.33422
3.892	0.32793
3.893	0.32677
3.894	0.32883
3.895	0.3316
3.896	0.33262
3.897	0.33002
3.898	0.32291
3.899	0.31148
3.9	0.29662
3.901	0.27956
3.902	0.26139
3.903	0.24293
3.904	0.22474
3.905	0.20736
3.906	0.19155
3.907	0.17837
3.908	0.16888
3.909	0.16384
3.91	0.16315
3.911	0.1657
3.912	0.16941
3.913	0.17177
3.914	0.17058
3.915	0.16461
3.916	0.1541
3.917	0.14062
3.918	0.12659
3.919	0.11451
3.92	0.10617
3.921	0.1022
3.922	0.10207
3.923	0.10457
3.924	0.10835
3.925	0.11255
3.926	0.11695
3.927	0.12181
3.928	0.12737
3.929	0.13327
3.93	0.13826
3.931	0.14036
3.932	0.13743
3.933	0.12805
3.934	0.11226
3.935	0.091981
3.936	0.070716
3.937	0.052741
3.938	0.041912
3.939	0.040533
3.94	0.048665
3.941	0.064078
3.942	0.082908
3.943	0.10073
3.944	0.11372
3.945	0.11953
3.946	0.11765
3.947	0.10921
3.948	0.096329
3.949	0.081465
3.95	0.066752
3.951	0.053714
3.952	0.043223
3.953	0.035667
3.954	0.031141
3.955	0.029559
3.956	0.030687
3.957	0.034133
3.958	0.039392
3.959	0.045974
3.96	0.053579
3.961	0.062185
3.962	0.071922
3.963	0.082733
3.964	0.093881
3.965	0.10363
3.966	0.10927
3.967	0.10785
3.968	0.097305
3.969	0.077964
3.97	0.053588
3.971	0.031617
3.972	0.022139
3.973	0.035702
3.974	0.080468
3.975	0.15954
3.976	0.26938
3.977	0.39991
3.978	0.53647
3.979	0.66306
3.98	0.76607
3.981	0.83725
3.982	0.87512
3.983	0.88456
3.984	0.87466
3.985	0.85576
3.986	0.83666
3.987	0.82272
3.988	0.81543
3.989	0.81316
3.99	0.81282
3.991	0.81134
3.992	0.80678
3.993	0.79856
3.994	0.78694
3.995	0.77228
3.996	0.7545
3.997	0.73289
3.998	0.70661
3.999	0.67532
4	0.63982
4.001	0.60222
4.002	0.5656
4.003	0.53315
4.004	0.50732
4.005	0.48906
4.006	0.47766
4.007	0.47107
4.008	0.46655
4.009	0.46154
4.01	0.45418
4.011	0.4436
4.012	0.42979
4.013	0.41328
4.014	0.3948
4.015	0.37499
4.016	0.35438
4.017	0.33335
4.018	0.31223
4.019	0.29133
4.02	0.27087
4.021	0.25103
4.022	0.23193
4.023	0.21386
4.024	0.19743
4.025	0.1837
4.026	0.17404
4.027	0.16975
4.028	0.17148
4.029	0.17862
4.03	0.18897
4.031	0.19897
4.032	0.20438
4.033	0.20147
4.034	0.18816
4.035	0.16495
4.036	0.13497
4.037	0.10344
4.038	0.076331
4.039	0.058821
4.04	0.053913
4.041	0.061696
4.042	0.079425
4.043	0.10235
4.044	0.12501
4.045	0.14258
4.046	0.1519
4.047	0.1519
4.048	0.14345
4.049	0.1288
4.05	0.11082
4.051	0.092333
4.052	0.075619
4.053	0.062244
4.054	0.053044
4.055	0.048202
4.056	0.047348
4.057	0.049635
4.058	0.053845
4.059	0.058544
4.06	0.062331
4.061	0.06411
4.062	0.063326
4.063	0.060067
4.064	0.054948
4.065	0.048855
4.066	0.04258
4.067	0.036557
4.068	0.030774
4.069	0.02496
4.07	0.018933
4.071	0.013005
4.072	0.008199
4.073	0.0061609
4.074	0.0087152
4.075	0.017181
4.076	0.031682
4.077	0.050713
4.078	0.071212
4.079	0.089134
4.08	0.10048
4.081	0.10239
4.082	0.094066
4.083	0.077076
4.084	0.055042
4.085	0.032698
4.086	0.014654
4.087	0.0042394
4.088	0.0027865
4.089	0.0095535
4.09	0.022293
4.091	0.038189
4.092	0.054852
4.093	0.070971
4.094	0.086434
