-88.09216
-41.2921510044
36.1911406734
40.3754090012
45.2520614399
47.0100730132
38.2025119295
39.1523962539
39.7015737199
44.474516726
39.4045506628
37.9881529349
31.8301381915
39.0701695442
39.3025813371
44.527743102
43.0657319062
43.9220628933
39.3575109591
40.2328883189
35.6136439281
40.9387546579
35.6483667712
36.0628446404
42.9679623821
38.4971949809
38.9667186855
33.907836868
36.107083064
38.6741397743
39.1912455036
32.1239495656
43.9616410411
32.5075921108
34.2257153838
30.878954202
45.850787399
37.5652494611
39.3547771723
35.2331067735
37.2791219635
26.2496693612
41.4895427889
35.2072820331
31.867911045
33.9167476437
35.8614101465
32.9636411747
28.6285437585
32.3677031737
26.8786878438
28.3590986264
31.2949074486
35.0173360579
20.5806836624
37.2708142965
30.931952445
34.3052464774
35.0357966924
29.0796683902
31.6962794661
31.9637222739
29.5388697047
26.3556130776
24.0581428758
33.8802963344
24.6905423823
37.7937011221
26.6178451757
37.3271786142
24.038472498
24.2723520826
27.304369419
28.8631856074
30.2984889871
28.9418186546
22.2307954454
28.3025557666
22.9544791645
30.6983089188
21.2046840329
26.4302499591
28.2363836796
23.3448042669
15.8025588485
24.2526896529
25.6091740356
28.6490161422
19.1152688358
25.7477338949
14.2315872139
24.9379311943
19.9349219496
23.6786011533
19.8380012794
20.7165056712
16.2445483794
20.4354692135
16.6691767745
19.6995367011
19.4035009074
22.8030453558
20.338925811
12.5903070778
20.3886280368
21.3477503196
19.1158827808
17.2539485587
17.8299448258
16.1736439641
11.6740578494
10.7709329978
12.79414404
18.8727111394
15.5878889748
17.427736937
16.2665573909
11.4182220508
13.1598162032
14.4772400764
20.0455663848
16.9305464083
8.86209152043
13.7026181212
14.0948421622
8.3662532824
5.6516360307
18.5136308969
15.7215597374
14.2191270633
4.1646698081
6.79538734761
16.8775772238
8.29158103809
15.6067787289
6.56520453389
8.52248167627
11.5158844979
8.75941664465
7.42881793625
5.51220753054
6.22108511143
4.39746811407
6.31883425829
8.63366104945
3.77406397399
4.19850338725
3.26136915348
9.84926174628
0.368777997751
7.94396017531
-1.48650047272
-1.86702778236
4.99778677538
-1.16965497103
2.27863552896
4.16649701823
-2.30001439004
4.70332366548
7.42291500645
-1.88839450438
-3.71740238099
6.13328486748
-5.63752954311
0.888072650438
-2.58909812248
-3.53479940446
-6.28503060674
-8.64350651187
-11.4242116379
-4.8675844174
-8.48853066644
-5.77531581974
-10.4394151128
-21.1803595184
-9.29045362305
-16.5341313551
-15.0544617191
-12.0403319639
-17.2742849561
-13.3451009986
-17.2560502165
-16.129642295
-16.2512941379
-8.76245003222
-17.2944566782
-14.6458891763
-19.7163412337
-17.6071488661
-19.9202774165
-14.788444101
-18.2584308466
-21.4911916519
-25.7223663862
-18.2621362591
-27.2775061894
-29.1668643678
-22.2766774165
-26.5875156491
-39.4503162975
-33.936697168
-36.57561733
-33.5862937073
-34.3629678466
-29.7065706403
-33.9448181489
-36.4051179059
-31.1647431959
-39.3493594149
-41.3345009386
-41.2579924205
-42.8461730954
-40.8366168945
-42.4891389515
-40.6618934125
-40.7619294181
-37.5044210495
-46.5448957415
-49.6252886578
-46.9606586644
-48.83869022
-45.3316829044
-48.9940760295
-56.1482574502
-46.0730403277
-58.5152844074
-49.6563963865
-57.9422195743
-55.543935661
-60.3625562515
-61.6139945895
-57.2871909446
-62.0308201192
-52.0042102646
-61.3117509009
-60.6592807447
-69.5451500617
-67.8138241745
-66.3673691505
-64.4516234654
-63.37100659
-68.7731242287
-70.5419273405
-64.891253029
-75.8100968923
-73.0878981015
-70.9998504395
-74.0378411472
-72.4654951415
-79.6247120472
-79.0167961389
-84.8636701505
-73.1716301865
-80.310092858
-81.4541937127
-84.04810067
-80.7644359181
-87.24659776
-81.41494331
-82.8216540004
-90.592131063
-84.5732939094
-84.1658994935
-78.7741794923
-87.2636520339
-85.3727509149
-92.4294720167
-93.1021429134
-93.7299956584
-99.2063657244
-85.7745171688
-87.2343451792
-76.3667217745
-85.3154898673
-87.9897393523
-93.6016990122
-91.1253921384
-73.0566187504
-92.2312709253
-93.8148860752
-84.4402573414
-91.3661847674
-93.6076018609
-88.3789687322
-84.8110603774
-88.1045015667
-87.0233692874
-87.0264441159
-92.7397368318
-85.2253157332
-88.2671073765
-88.6023361538
-86.8500692592
-83.3405934769
-91.2136312994
-88.3860335573
-90.6775931515
-85.4761460244
-84.7568794218
-88.7460726664
-88.1224533605
-81.5073949893
-89.9243125825
-87.6371818902
-84.9022703032
-88.2594346776
-87.5751268847
-85.4582303753
-87.2564824399
-89.9870061379
-86.7160486999
-85.8829620203
-89.3805793391
-89.2821030431
-89.4436975396
-92.9737829505
-92.3519922065
-84.9831793963
-91.2957568412
-83.7225344886
-76.604295917
-86.5398627968
-88.5438651534
-86.4461512193
-88.7586682146
-85.6294129582
-91.2819374197
-89.8908579288
-91.6409594426
-88.4540498099
-90.5310285075
-83.9398001717
-86.5748114514
-87.8133919285
-90.0575364266
-88.2614560341
-84.9338727253
-86.1260254345
-85.5778384931
-91.4889272252
-86.3024199948
-93.547338553
-86.8562378862
-90.8309954208
-89.3299866393
-86.0762508347
-90.9156950327
-90.0361336371
-85.8682355808
-90.6756944663
-83.7549579553
-92.9149804703
-85.3576445629
-85.4512517269
-86.4189799952
-80.1627363304
-93.4349092039
-85.4085553857
-90.9564809076
-90.9069002186
-84.7591372607
-90.1568751823
-86.181504662
-80.4144545507
-81.6221756812
-84.451706172
-91.9489842407
-92.2562202519
-94.162654706
-98.6796630701
-85.1495336982
-85.7347204955
-88.8558083802
-89.2087919121
-87.9762413521
-86.2510341562
-79.803870952
-84.473561584
-84.0679147658
-86.9010286325
-83.4745052943
-88.8215581582
-89.2666802983
-95.9284439578
-92.1345172261
-89.7275699835
-88.5909155367
-80.5828887005
-83.6039046349
-80.9951176515
-93.1913242831
-85.1272436514
-92.9822337983
-85.7070327322
-85.3638136962
-89.8014340427
-87.5837575724
-86.3154328358
-87.1829698769
-85.2316399796
