-8.809216e+01
-4.072518e+01
3.370484e+01
3.834656e+01
3.987910e+01
4.027997e+01
4.024044e+01
4.002685e+01
3.975173e+01
3.946547e+01
3.919090e+01
3.893773e+01
3.870887e+01
3.850371e+01
3.831981e+01
3.815393e+01
3.800260e+01
3.786250e+01
3.773063e+01
3.760435e+01
3.748145e+01
3.736008e+01
3.723875e+01
3.711626e+01
3.699167e+01
3.686426e+01
3.673348e+01
3.659893e+01
3.646032e+01
3.631746e+01
3.617024e+01
3.601859e+01
3.586252e+01
3.570205e+01
3.553722e+01
3.536812e+01
3.519484e+01
3.501747e+01
3.483612e+01
3.465090e+01
3.446194e+01
3.426935e+01
3.407325e+01
3.387376e+01
3.367100e+01
3.346508e+01
3.325611e+01
3.304422e+01
3.282951e+01
3.261209e+01
3.239206e+01
3.216954e+01
3.194462e+01
3.171741e+01
3.148801e+01
3.125652e+01
3.102302e+01
3.078763e+01
3.055042e+01
3.031150e+01
3.007095e+01
2.982886e+01
2.958532e+01
2.934040e+01
2.909420e+01
2.884680e+01
2.859827e+01
2.834868e+01
2.809811e+01
2.784664e+01
2.759432e+01
2.734123e+01
2.708742e+01
2.683294e+01
2.657787e+01
2.632224e+01
2.606609e+01
2.580949e+01
2.555245e+01
2.529502e+01
2.503722e+01
2.477908e+01
2.452062e+01
2.426186e+01
2.400281e+01
2.374346e+01
2.348384e+01
2.322393e+01
2.296372e+01
2.270321e+01
2.244238e+01
2.218121e+01
2.191967e+01
2.165774e+01
2.139538e+01
2.113256e+01
2.086924e+01
2.060537e+01
2.034091e+01
2.007580e+01
1.981000e+01
1.954344e+01
1.927608e+01
1.900784e+01
1.873867e+01
1.846849e+01
1.819725e+01
1.792487e+01
1.765127e+01
1.737640e+01
1.710017e+01
1.682250e+01
1.654333e+01
1.626256e+01
1.598013e+01
1.569595e+01
1.540994e+01
1.512202e+01
1.483211e+01
1.454011e+01
1.424596e+01
1.394956e+01
1.365085e+01
1.334972e+01
1.304610e+01
1.273989e+01
1.243100e+01
1.211932e+01
1.180476e+01
1.148722e+01
1.116660e+01
1.084278e+01
1.051567e+01
1.018514e+01
9.851070e+00
9.513348e+00
9.171840e+00
8.826412e+00
8.476922e+00
8.123220e+00
7.765147e+00
7.402535e+00
7.035204e+00
6.662962e+00
6.285604e+00
5.902908e+00
5.514638e+00
5.120538e+00
4.720330e+00
4.313716e+00
3.900374e+00
3.479954e+00
3.052079e+00
2.616341e+00
2.172303e+00
1.719490e+00
1.257398e+00
7.854874e-01
3.031852e-01
-1.901109e-01
-6.950301e-01
-1.212221e+00
-1.742345e+00
-2.286062e+00
-2.844017e+00
-3.416823e+00
-4.005038e+00
-4.609144e+00
-5.229522e+00
-5.866424e+00
-6.519956e+00
-7.190057e+00
-7.876486e+00
-8.578821e+00
-9.296464e+00
-1.002865e+01
-1.077449e+01
-1.153295e+01
-1.230297e+01
-1.308338e+01
-1.387307e+01
-1.467088e+01
-1.547575e+01
-1.628664e+01
-1.710262e+01
-1.792286e+01
-1.874659e+01
-1.957318e+01
-2.040211e+01
-2.123293e+01
-2.206530e+01
-2.289899e+01
-2.373380e+01
-2.456962e+01
-2.540635e+01
-2.624396e+01
-2.708243e+01
-2.792174e+01
-2.876190e+01
-2.960295e+01
-3.044493e+01
-3.128789e+01
-3.213195e+01
-3.297722e+01
-3.382388e+01
-3.467212e+01
-3.552220e+01
-3.637440e+01
-3.722903e+01
-3.808645e+01
-3.894702e+01
-3.981111e+01
-4.067909e+01
-4.155132e+01
-4.242810e+01
-4.330971e+01
-4.419639e+01
-4.508831e+01
-4.598560e+01
-4.688835e+01
-4.779659e+01
-4.871039e+01
-4.962976e+01
-5.055477e+01
-5.148551e+01
-5.242213e+01
-5.336484e+01
-5.431392e+01
-5.526975e+01
-5.623276e+01
-5.720349e+01
-5.818254e+01
-5.917057e+01
-6.016829e+01
-6.117643e+01
-6.219573e+01
-6.322688e+01
-6.427049e+01
-6.532701e+01
-6.639666e+01
-6.747935e+01
-6.857454e+01
-6.968113e+01
-7.079727e+01
-7.192021e+01
-7.304615e+01
-7.417011e+01
-7.528580e+01
-7.638571e+01
-7.746125e+01
-7.850305e+01
-7.950150e+01
-8.044732e+01
-8.133228e+01
-8.214979e+01
-8.289536e+01
-8.356686e+01
-8.416446e+01
-8.469041e+01
-8.514864e+01
-8.554427e+01
-8.588316e+01
-8.617147e+01
-8.641533e+01
-8.662060e+01
-8.679271e+01
-8.693658e+01
-8.705653e+01
-8.715638e+01
-8.723940e+01
-8.730838e+01
-8.736570e+01
-8.741335e+01
-8.745299e+01
-8.748603e+01
-8.751361e+01
-8.753671e+01
-8.755610e+01
-8.757245e+01
-8.758629e+01
-8.759808e+01
-8.760817e+01
-8.761687e+01
-8.762442e+01
-8.763103e+01
-8.763686e+01
-8.764205e+01
-8.764672e+01
-8.765095e+01
-8.765481e+01
-8.765839e+01
-8.766171e+01
-8.766483e+01
-8.766778e+01
-8.767059e+01
-8.767328e+01
-8.767588e+01
-8.767838e+01
-8.768082e+01
-8.768320e+01
-8.768552e+01
-8.768781e+01
-8.769005e+01
-8.769226e+01
-8.769444e+01
-8.769659e+01
-8.769872e+01
-8.770083e+01
-8.770292e+01
-8.770499e+01
-8.770705e+01
-8.770909e+01
-8.771112e+01
-8.771313e+01
-8.771513e+01
-8.771712e+01
-8.771909e+01
-8.772105e+01
-8.772300e+01
-8.772494e+01
-8.772687e+01
-8.772879e+01
-8.773070e+01
-8.773260e+01
-8.773449e+01
-8.773636e+01
-8.773823e+01
-8.774009e+01
-8.774193e+01
-8.774377e+01
-8.774560e+01
-8.774742e+01
-8.774923e+01
-8.775103e+01
-8.775281e+01
-8.775460e+01
-8.775637e+01
-8.775813e+01
-8.775988e+01
-8.776162e+01
-8.776336e+01
-8.776508e+01
-8.776680e+01
-8.776851e+01
-8.777021e+01
-8.777189e+01
-8.777358e+01
-8.777525e+01
-8.777691e+01
-8.777856e+01
-8.778021e+01
-8.778185e+01
-8.778348e+01
-8.778510e+01
-8.778671e+01
-8.778831e+01
-8.778991e+01
-8.779149e+01
-8.779307e+01
-8.779464e+01
-8.779620e+01
-8.779776e+01
-8.779930e+01
-8.780084e+01
-8.780237e+01
-8.780389e+01
-8.780540e+01
-8.780691e+01
-8.780840e+01
-8.780989e+01
-8.781137e+01
-8.781285e+01
-8.781431e+01
-8.781577e+01
-8.781722e+01
-8.781866e+01
-8.782010e+01
-8.782153e+01
-8.782295e+01
-8.782436e+01
-8.782577e+01
-8.782716e+01
-8.782855e+01
-8.782994e+01
-8.783131e+01
-8.783268e+01
-8.783404e+01
-8.783540e+01
-8.783674e+01
-8.783808e+01
-8.783942e+01
-8.784074e+01
-8.784206e+01
-8.784337e+01
-8.784468e+01
-8.784597e+01
-8.784727e+01
-8.784855e+01
-8.784983e+01
-8.785110e+01