0	0.14593
0.001	0.12921
0.002	0.11223
0.003	0.096514
0.004	0.084557
0.005	0.078862
0.006	0.080829
0.007	0.089935
0.008	0.10363
0.009	0.11807
0.01	0.12934
0.011	0.13484
0.012	0.13406
0.013	0.1286
0.014	0.12138
0.015	0.11537
0.016	0.11248
0.017	0.11297
0.018	0.11563
0.019	0.11861
0.02	0.12044
0.021	0.12075
0.022	0.12043
0.023	0.12107
0.024	0.12409
0.025	0.12995
0.026	0.13787
0.027	0.1461
0.028	0.15268
0.029	0.15625
0.03	0.15651
0.031	0.15405
0.032	0.14981
0.033	0.14431
0.034	0.13735
0.035	0.12823
0.036	0.11661
0.037	0.10344
0.038	0.091491
0.039	0.084978
0.04	0.08812
0.041	0.10321
0.042	0.12892
0.043	0.15977
0.044	0.18731
0.045	0.20283
0.046	0.20084
0.047	0.18207
0.048	0.15457
0.049	0.13239
0.05	0.13189
0.051	0.16679
0.052	0.24365
0.053	0.35921
0.054	0.50075
0.055	0.64928
0.056	0.78462
0.057	0.89064
0.058	0.95907
0.059	0.99063
0.06	0.99354
0.061	0.97994
0.062	0.96185
0.063	0.94784
0.064	0.94156
0.065	0.9422
0.066	0.94635
0.067	0.95029
0.068	0.95177
0.069	0.95066
0.07	0.94853
0.071	0.94743
0.072	0.94883
0.073	0.95288
0.074	0.95852
0.075	0.96411
0.076	0.96815
0.077	0.96981
0.078	0.96894
0.079	0.96571
0.08	0.96021
0.081	0.95226
0.082	0.94163
0.083	0.92858
0.084	0.91441
0.085	0.90163
0.086	0.89354
0.087	0.89322
0.088	0.90235
0.089	0.92031
0.09	0.94398
0.091	0.96841
0.092	0.98827
0.093	0.9994
0.094	1
0.095	0.99103
0.096	0.97557
0.097	0.95761
0.098	0.94054
0.099	0.92618
0.1	0.91457
0.101	0.90454
0.102	0.89488
0.103	0.88531
0.104	0.87707
0.105	0.87261
0.106	0.87451
0.107	0.88424
0.108	0.9011
0.109	0.92191
0.11	0.94166
0.111	0.9549
0.112	0.95737
0.113	0.94741
0.114	0.9264
0.115	0.89841
0.116	0.86887
0.117	0.84303
0.118	0.82451
0.119	0.81459
0.12	0.81223
0.121	0.81495
0.122	0.8199
0.123	0.82489
0.124	0.82894
0.125	0.83224
0.126	0.83552
0.127	0.83933
0.128	0.84346
0.129	0.84673
0.13	0.8474
0.131	0.84379
0.132	0.83507
0.133	0.82172
0.134	0.80561
0.135	0.78951
0.136	0.7763
0.137	0.76817
0.138	0.76599
0.139	0.76918
0.14	0.77602
0.141	0.78424
0.142	0.79168
0.143	0.7968
0.144	0.79883
0.145	0.79764
0.146	0.79337
0.147	0.7862
0.148	0.77622
0.149	0.76358
0.15	0.74884
0.151	0.73324
0.152	0.71886
0.153	0.70828
0.154	0.70399
0.155	0.70758
0.156	0.71906
0.157	0.73658
0.158	0.75661
0.159	0.77474
0.16	0.78678
0.161	0.78981
0.162	0.78291
0.163	0.76735
0.164	0.74613
0.165	0.7231
0.166	0.70187
0.167	0.68499
0.168	0.67352
0.169	0.66705
0.17	0.66424
0.171	0.66348
0.172	0.66355
0.173	0.6639
0.174	0.66466
0.175	0.66629
0.176	0.66909
0.177	0.67275
0.178	0.67622
0.179	0.67778
0.18	0.6755
0.181	0.66786
0.182	0.65426
0.183	0.63543
0.184	0.6134
0.185	0.59118
0.186	0.57207
0.187	0.55892
0.188	0.55344
0.189	0.55577
0.19	0.56446
0.191	0.57685
0.192	0.58972
0.193	0.60008
0.194	0.60576
0.195	0.6058
0.196	0.60039
0.197	0.5906
0.198	0.57787
0.199	0.5636
0.2	0.54892
0.201	0.53469
0.202	0.52166
0.203	0.51064
0.204	0.50258
0.205	0.49838
0.206	0.4986
0.207	0.50301
0.208	0.51041
0.209	0.51872
0.21	0.52538
0.211	0.52801
0.212	0.52514
0.213	0.51655
0.214	0.50339
0.215	0.48773
0.216	0.47191
0.217	0.45788
0.218	0.44669
0.219	0.43847
0.22	0.43268
0.221	0.42859
0.222	0.42566
0.223	0.42376
0.224	0.42297
0.225	0.42328
0.226	0.42419
0.227	0.42459
0.228	0.42291
0.229	0.41767
0.23	0.40797
0.231	0.39402
0.232	0.37713
0.233	0.35942
0.234	0.34319
0.235	0.33019
0.236	0.32117
0.237	0.31584
0.238	0.31315
0.239	0.31188
0.24	0.31112
0.241	0.31056
0.242	0.31029
0.243	0.31038
0.244	0.31045
0.245	0.30931
0.246	0.30518
0.247	0.29618
0.248	0.28116
0.249	0.26039
0.25	0.23581
0.251	0.21084
0.252	0.18948
0.253	0.17523
0.254	0.17008
0.255	0.17391
0.256	0.18454
0.257	0.19841
0.258	0.21163
0.259	0.221
0.26	0.22477
0.261	0.22282
0.262	0.21632
0.263	0.20703
0.264	0.19655
0.265	0.18585
0.266	0.17516
0.267	0.16422
0.268	0.15285
0.269	0.14136
0.27	0.1308
0.271	0.1228
0.272	0.11905
0.273	0.12069
0.274	0.12772
0.275	0.13881
0.276	0.1515
0.277	0.16277
0.278	0.16987
0.279	0.17103
0.28	0.16595
0.281	0.15579
0.282	0.14277
0.283	0.12956
0.284	0.11848
0.285	0.11102
0.286	0.10762
0.287	0.10784
0.288	0.11077
0.289	0.11546
0.29	0.12126
0.291	0.12784
0.292	0.13506
0.293	0.14258
0.294	0.14962
0.295	0.15486
0.296	0.15671
0.297	0.1538
0.298	0.14553
0.299	0.13256
0.3	0.11687
0.301	0.10142
0.302	0.089447
0.303	0.083542
0.304	0.084892
0.305	0.092896
0.306	0.10532
0.307	0.11896
0.308	0.13059
0.309	0.13794
0.31	0.14023
0.311	0.13831
0.312	0.13411
0.313	0.1298
0.314	0.12694
0.315	0.12588
0.316	0.12571
0.317	0.12474
0.318	0.1214
0.319	0.11507
0.32	0.10664
0.321	0.098426
0.322	0.093567
0.323	0.09494
0.324	0.1041
0.325	0.12055
0.326	0.14171
0.327	0.16341
0.328	0.18102
0.329	0.19061
0.33	0.18982
0.331	0.17839
0.332	0.15797
0.333	0.13164
0.334	0.10328
0.335	0.076934
0.336	0.056433
0.337	0.045062
0.338	0.045232
0.339	0.05799
0.34	0.082441
0.341	0.11528
0.342	0.1508
0.343	0.18173
0.344	0.20084
0.345	0.20319
0.346	0.18829
0.347	0.16134
0.348	0.13295
0.349	0.11712
0.35	0.12774
0.351	0.17467
0.352	0.26053
0.353	0.37937
0.354	0.5177
0.355	0.65777
0.356	0.78206
0.357	0.8776
0.358	0.93883
0.359	0.96809
0.36	0.97382
0.361	0.96707
0.362	0.95784
0.363	0.95229
0.364	0.9518
0.365	0.9539
0.366	0.95456
0.367	0.95065
0.368	0.94172
0.369	0.93024
0.37	0.92056
0.371	0.91692
0.372	0.92158
0.373	0.93381
0.374	0.95004
0.375	0.96522
0.376	0.97469
0.377	0.97576
0.378	0.96854
0.379	0.95553
0.38	0.94054
0.381	0.92714
0.382	0.91749
0.383	0.91191
0.384	0.90921
0.385	0.90773
0.386	0.90623
0.387	0.90463
0.388	0.90401
0.389	0.90599
0.39	0.91186
0.391	0.92186
0.392	0.93479
0.393	0.94824
0.394	0.9593
0.395	0.96538
0.396	0.96495
0.397	0.95787
0.398	0.94529
0.399	0.92923
0.4	0.91206
0.401	0.89596
0.402	0.88268
0.403	0.87341
0.404	0.86885
0.405	0.86918
0.406	0.87415
0.407	0.883
0.408	0.89444
0.409	0.90673
0.41	0.91787
0.411	0.92588
0.412	0.92918
0.413	0.92687
0.414	0.91888
0.415	0.9059
0.416	0.88931
0.417	0.87084
0.418	0.85237
0.419	0.83573
0.42	0.82249
0.421	0.8139
0.422	0.81069
0.423	0.81299
0.424	0.82018
0.425	0.83086
0.426	0.84292
0.427	0.85389
0.428	0.86128
0.429	0.86311
0.43	0.85832
0.431	0.84702
0.432	0.83053
0.433	0.81106
0.434	0.79134
0.435	0.77404
0.436	0.76135
0.437	0.75461
0.438	0.75421
0.439	0.75961
0.44	0.76951
0.441	0.78208
0.442	0.79517
0.443	0.80657
0.444	0.81427
0.445	0.81666
0.446	0.8129
0.447	0.80312
0.448	0.78854
0.449	0.77134
0.45	0.75434
0.451	0.74038
0.452	0.73161
0.453	0.72894
0.454	0.7317
0.455	0.73783
0.456	0.74443
0.457	0.74863
0.458	0.74848
0.459	0.74349
0.46	0.73471
0.461	0.72426
0.462	0.71444
0.463	0.70683
0.464	0.70162
0.465	0.6976
0.466	0.69269
0.467	0.68491
0.468	0.67342
0.469	0.65921
0.47	0.64501
0.471	0.63457
0.472	0.63136
0.473	0.63721
0.474	0.65146
0.475	0.6708
0.476	0.69006
0.477	0.70364
0.478	0.70714
0.479	0.69861
0.48	0.67911
0.481	0.65226
0.482	0.62317
0.483	0.59693
0.484	0.57738
0.485	0.5663
0.486	0.56338
0.487	0.5668
0.488	0.5741
0.489	0.58305
0.49	0.5921
0.491	0.6005
0.492	0.60798
0.493	0.6143
0.494	0.61892
0.495	0.6208
0.496	0.61871
0.497	0.61155
0.498	0.59882
0.499	0.58101
0.5	0.55961
0.501	0.53699
0.502	0.51598
0.503	0.49937
0.504	0.48937
0.505	0.48715
0.506	0.49262
0.507	0.50429
0.508	0.51947
0.509	0.5347
0.51	0.54636
0.511	0.55135
0.512	0.54777
0.513	0.53536
0.514	0.5155
0.515	0.49096
0.516	0.46517
0.517	0.44141
0.518	0.42206
0.519	0.4082
0.52	0.39954
0.521	0.39482
0.522	0.39239
0.523	0.3908
0.524	0.38919
0.525	0.38742
0.526	0.38576
0.527	0.38455
0.528	0.38376
0.529	0.38279
0.53	0.38049
0.531	0.37548
0.532	0.3665
0.533	0.35292
0.534	0.33497
0.535	0.31386
0.536	0.29165
0.537	0.27094
0.538	0.2544
0.539	0.24428
0.54	0.24192
0.541	0.24732
0.542	0.25899
0.543	0.27402
0.544	0.28852
0.545	0.29837
0.546	0.30014
0.547	0.29197
0.548	0.27407
0.549	0.24878
0.55	0.22005
0.551	0.19244
0.552	0.17001
0.553	0.15535
0.554	0.14915
0.555	0.15026
0.556	0.15635
0.557	0.16473
0.558	0.17312
0.559	0.18002
0.56	0.18469
0.561	0.1868
0.562	0.18603
0.563	0.18179
0.564	0.17343
0.565	0.16064
0.566	0.144
0.567	0.12526
0.568	0.10725
0.569	0.093227
0.57	0.085935
0.571	0.086652
0.572	0.094667
0.573	0.10737
0.574	0.12098
0.575	0.13168
0.576	0.13677
0.577	0.13532
0.578	0.12832
0.579	0.11808
0.58	0.10733
0.581	0.098216
0.582	0.091776
0.583	0.087827
0.584	0.085394
0.585	0.083396
0.586	0.081244
0.587	0.079145
0.588	0.077981
0.589	0.07886
0.59	0.082557
0.591	0.089106
0.592	0.097661
0.593	0.10671
0.594	0.11447
0.595	0.11938
0.596	0.1204
0.597	0.11715
0.598	0.1099
0.599	0.099454
0.6	0.086982
0.601	0.073962
0.602	0.062081
0.603	0.053107
0.604	0.048652
0.605	0.049821
0.606	0.056871
0.607	0.068967
0.608	0.084206
0.609	0.09991
0.61	0.11318
0.611	0.12155
0.612	0.12349
0.613	0.11875
0.614	0.10831
0.615	0.09407
0.616	0.078389
0.617	0.063611
0.618	0.051688
0.619	0.043946
0.62	0.041014
0.621	0.042829
0.622	0.048723
0.623	0.057556
0.624	0.067906
0.625	0.078322
0.626	0.087585
0.627	0.0949
0.628	0.099949
0.629	0.10275
0.63	0.10338
0.631	0.10168
0.632	0.097176
0.633	0.08926
0.634	0.07767
0.635	0.063105
0.636	0.047633
0.637	0.034596
0.638	0.027865
0.639	0.030556
0.64	0.043604
0.641	0.0648
0.642	0.088806
0.643	0.1084
0.644	0.11675
0.645	0.11006
0.646	0.089686
0.647	0.062859
0.648	0.04153
0.649	0.03952
0.65	0.068694
0.651	0.13535
0.652	0.23798
0.653	0.36717
0.654	0.50771
0.655	0.64238
0.656	0.7561
0.657	0.83935
0.658	0.8898
0.659	0.91184
0.66	0.9143
0.661	0.90735
0.662	0.8995
0.663	0.89571
0.664	0.897
0.665	0.90134
0.666	0.90547
0.667	0.90662
0.668	0.90379
0.669	0.89796
0.67	0.89161
0.671	0.88759
0.672	0.88807
0.673	0.89387
0.674	0.90426
0.675	0.91745
0.676	0.93115
0.677	0.94328
0.678	0.95239
0.679	0.95769
0.68	0.95902
0.681	0.9565
0.682	0.95038
0.683	0.94103
0.684	0.92896
0.685	0.91508
0.686	0.90073
0.687	0.88772
0.688	0.87802
0.689	0.87341
0.69	0.87499
0.691	0.88281
0.692	0.8956
0.693	0.91096
0.694	0.92566
0.695	0.93635
0.696	0.94029
0.697	0.93602
0.698	0.92382
0.699	0.9057
0.7	0.88496
0.701	0.86542
0.702	0.85048
0.703	0.84228
0.704	0.84125
0.705	0.84607
0.706	0.8542
0.707	0.86269
0.708	0.86903
0.709	0.87173
0.71	0.87058
0.711	0.86637
0.712	0.86033
0.713	0.85359
0.714	0.84675
0.715	0.83978
0.716	0.83234
0.717	0.82419
0.718	0.81565
0.719	0.80773
0.72	0.80189
0.721	0.79958
0.722	0.80159
0.723	0.80757
0.724	0.81592
0.725	0.82408
0.726	0.82919
0.727	0.82887
0.728	0.8219
0.729	0.80857
0.73	0.7906
0.731	0.77071
0.732	0.75192
0.733	0.7369
0.734	0.72741
0.735	0.72406
0.736	0.7263
0.737	0.7327
0.738	0.7413
0.739	0.75006
0.74	0.75727
0.741	0.76179
0.742	0.76326
0.743	0.76202
0.744	0.75888
0.745	0.75478
0.746	0.75041
0.747	0.74594
0.748	0.74091
0.749	0.73449
0.75	0.72591
0.751	0.71498
0.752	0.70248
0.753	0.69017
0.754	0.6805
0.755	0.67584
0.756	0.6777
0.757	0.68609
0.758	0.6993
0.759	0.7143
0.76	0.72752
0.761	0.73587
0.762	0.73758
0.763	0.73261
0.764	0.72248
0.765	0.70957
0.766	0.6963
0.767	0.68444
0.768	0.67472
0.769	0.66707
0.77	0.66105
0.771	0.65646
0.772	0.65366
0.773	0.65348
0.774	0.65681
0.775	0.66391
0.776	0.67392
0.777	0.68474
0.778	0.69339
0.779	0.69681
0.78	0.69284
0.781	0.68098
0.782	0.66267
0.783	0.64098
0.784	0.61984
0.785	0.60292
0.786	0.5927
0.787	0.58982
0.788	0.59302
0.789	0.59962
0.79	0.60631
0.791	0.6101
0.792	0.60906
0.793	0.60277
0.794	0.59222
0.795	0.57943
0.796	0.5667
0.797	0.55591
0.798	0.54788
0.799	0.54225
0.8	0.5376
0.801	0.5321
0.802	0.52427
0.803	0.51373
0.804	0.50153
0.805	0.49002
0.806	0.48215
0.807	0.48046
0.808	0.48605
0.809	0.49786
0.81	0.51275
0.811	0.52616
0.812	0.53342
0.813	0.53116
0.814	0.51837
0.815	0.49678
0.816	0.47036
0.817	0.44416
0.818	0.42283
0.819	0.40938
0.82	0.40453
0.821	0.40688
0.822	0.41363
0.823	0.42174
0.824	0.42881
0.825	0.43356
0.826	0.4358
0.827	0.43584
0.828	0.43392
0.829	0.42972
0.83	0.42241
0.831	0.41102
0.832	0.39503
0.833	0.37493
0.834	0.3524
0.835	0.32996
0.836	0.31036
0.837	0.29579
0.838	0.28722
0.839	0.2842
0.84	0.28505
0.841	0.28747
0.842	0.28919
0.843	0.28859
0.844	0.285
0.845	0.27865
0.846	0.27035
0.847	0.26115
0.848	0.25193
0.849	0.24316
0.85	0.23493
0.851	0.22695
0.852	0.21883
0.853	0.21023
0.854	0.2011
0.855	0.19178
0.856	0.18304
0.857	0.17599
0.858	0.17178
0.859	0.17118
0.86	0.17422
0.861	0.1798
0.862	0.18571
0.863	0.18906
0.864	0.18696
0.865	0.17751
0.866	0.16064
0.867	0.13841
0.868	0.11484
0.869	0.094887
0.87	0.083131
0.871	0.082399
0.872	0.092854
0.873	0.11186
0.874	0.13468
0.875	0.15583
0.876	0.17056
0.877	0.17605
0.878	0.17193
0.879	0.15998
0.88	0.14326
0.881	0.12501
0.882	0.10772
0.883	0.092831
0.884	0.080789
0.885	0.071642
0.886	0.065576
0.887	0.063201
0.888	0.065393
0.889	0.072787
0.89	0.085143
0.891	0.10095
0.892	0.11746
0.893	0.13131
0.894	0.13935
0.895	0.13969
0.896	0.13223
0.897	0.11876
0.898	0.10245
0.899	0.086903
0.9	0.075185
0.901	0.069079
0.902	0.068807
0.903	0.073262
0.904	0.080603
0.905	0.088969
0.906	0.097045
0.907	0.10432
0.908	0.11095
0.909	0.1174
0.91	0.1239
0.911	0.13009
0.912	0.13487
0.913	0.13659
0.914	0.13355
0.915	0.12465
0.916	0.10999
0.917	0.091176
0.918	0.071298
0.919	0.054322
0.92	0.044167
0.921	0.043611
0.922	0.05339
0.923	0.071784
0.924	0.094913
0.925	0.11771
0.926	0.13529
0.927	0.14432
0.928	0.1439
0.929	0.13562
0.93	0.12277
0.931	0.10906
0.932	0.0972
0.933	0.08807
0.934	0.08072
0.935	0.073221
0.936	0.064008
0.937	0.053065
0.938	0.042379
0.939	0.035362
0.94	0.035389
0.941	0.044051
0.942	0.059918
0.943	0.078496
0.944	0.093614
0.945	0.099894
0.946	0.095424
0.947	0.083568
0.948	0.073047
0.949	0.075998
0.95	0.10451
0.951	0.16667
0.952	0.26354
0.953	0.38805
0.954	0.5264
0.955	0.66152
0.956	0.77746
0.957	0.86337
0.958	0.91585
0.959	0.93886
0.96	0.94161
0.961	0.9351
0.962	0.92861
0.963	0.92733
0.964	0.93168
0.965	0.93845
0.966	0.94293
0.967	0.94134
0.968	0.93245
0.969	0.91807
0.97	0.90225
0.971	0.88969
0.972	0.88409
0.973	0.88695
0.974	0.89726
0.975	0.91205
0.976	0.92754
0.977	0.94029
0.978	0.9481
0.979	0.95034
0.98	0.94771
0.981	0.94167
0.982	0.93381
0.983	0.9254
0.984	0.9172
0.985	0.90954
0.986	0.90265
0.987	0.89685
0.988	0.89272
0.989	0.89103
0.99	0.89255
0.991	0.89773
0.992	0.90639
0.993	0.91756
0.994	0.92946
0.995	0.93964
0.996	0.94547
0.997	0.94464
0.998	0.93584
0.999	0.91919
1	0.89653
1.001	0.87121
1.002	0.84749
1.003	0.82955
1.004	0.82049
1.005	0.82144
1.006	0.83118
1.007	0.84646
1.008	0.86286
1.009	0.87603
1.01	0.88293
1.011	0.8826
1.012	0.87622
1.013	0.86651
1.014	0.85656
1.015	0.84866
1.016	0.84349
1.017	0.83995
1.018	0.83584
1.019	0.829
1.02	0.8184
1.021	0.80496
1.022	0.79147
1.023	0.78174
1.024	0.77929
1.025	0.78592
1.026	0.80081
1.027	0.82051
1.028	0.83976
1.029	0.85298
1.03	0.85593
1.031	0.84687
1.032	0.82707
1.033	0.8003
1.034	0.77176
1.035	0.74665
1.036	0.72893
1.037	0.7206
1.038	0.72156
1.039	0.73003
1.04	0.74318
1.041	0.75791
1.042	0.77129
1.043	0.78104
1.044	0.78558
1.045	0.78424
1.046	0.77728
1.047	0.76589
1.048	0.75208
1.049	0.73827
1.05	0.72686
1.051	0.71955
1.052	0.71694
1.053	0.71837
1.054	0.72221
1.055	0.72642
1.056	0.7293
1.057	0.73004
1.058	0.72886
1.059	0.72675
1.06	0.72481
1.061	0.72357
1.062	0.7226
1.063	0.7205
1.064	0.71551
1.065	0.70626
1.066	0.69255
1.067	0.67567
1.068	0.65822
1.069	0.64334
1.07	0.63377
1.071	0.631
1.072	0.63481
1.073	0.64343
1.074	0.6542
1.075	0.6644
1.076	0.67192
1.077	0.67565
1.078	0.67535
1.079	0.67125
1.08	0.66362
1.081	0.65254
1.082	0.63797
1.083	0.62018
1.084	0.60011
1.085	0.57963
1.086	0.56134
1.087	0.548
1.088	0.5417
1.089	0.54312
1.09	0.55121
1.091	0.56332
1.092	0.57592
1.093	0.58556
1.094	0.5898
1.095	0.58767
1.096	0.5798
1.097	0.56788
1.098	0.55403
1.099	0.54011
1.1	0.52727
1.101	0.51596
1.102	0.50616
1.103	0.49774
1.104	0.49078
1.105	0.48558
1.106	0.48253
1.107	0.48178
1.108	0.48293
1.109	0.48497
1.11	0.48645
1.111	0.48578
1.112	0.48166
1.113	0.47343
1.114	0.46118
1.115	0.44568
1.116	0.42818
1.117	0.41015
1.118	0.39309
1.119	0.3784
1.12	0.36734
1.121	0.36095
1.122	0.35984
1.123	0.364
1.124	0.37256
1.125	0.38365
1.126	0.39462
1.127	0.40245
1.128	0.40443
1.129	0.39888
1.13	0.38568
1.131	0.36637
1.132	0.34384
1.133	0.3216
1.134	0.30286
1.135	0.28973
1.136	0.28278
1.137	0.28106
1.138	0.28259
1.139	0.28506
1.14	0.2866
1.141	0.2862
1.142	0.28382
1.143	0.28005
1.144	0.27559
1.145	0.27073
1.146	0.265
1.147	0.25731
1.148	0.24627
1.149	0.23081
1.15	0.21079
1.151	0.18728
1.152	0.16256
1.153	0.13966
1.154	0.12169
1.155	0.11105
1.156	0.10886
1.157	0.11461
1.158	0.12637
1.159	0.14112
1.16	0.15552
1.161	0.16646
1.162	0.17166
1.163	0.16994
1.164	0.16126
1.165	0.1466
1.166	0.12771
1.167	0.10685
1.168	0.086524
1.169	0.069261
1.17	0.057294
1.171	0.05226
1.172	0.054857
1.173	0.064576
1.174	0.079598
1.175	0.096957
1.176	0.11301
1.177	0.12415
1.178	0.12762
1.179	0.12219
1.18	0.10856
1.181	0.089246
1.182	0.068046
1.183	0.04916
1.184	0.036199
1.185	0.031377
1.186	0.035059
1.187	0.045813
1.188	0.060906
1.189	0.07707
1.19	0.091331
1.191	0.10165
1.192	0.10724
1.193	0.10847
1.194	0.10649
1.195	0.10273
1.196	0.09834
1.197	0.093937
1.198	0.089494
1.199	0.084557
1.2	0.078578
1.201	0.071301
1.202	0.063025
1.203	0.054703
1.204	0.047778
1.205	0.043873
1.206	0.044362
1.207	0.049962
1.208	0.060424
1.209	0.074439
1.21	0.089739
1.211	0.10344
1.212	0.11255
1.213	0.11456
1.214	0.10802
1.215	0.093054
1.216	0.071522
1.217	0.046905
1.218	0.023761
1.219	0.0068398
1.22	0
1.221	0.0051958
1.222	0.021815
1.223	0.046629
1.224	0.074448
1.225	0.099374
1.226	0.11633
1.227	0.12242
1.228	0.11762
1.229	0.10466
1.23	0.087973
1.231	0.072159
1.232	0.060499
1.233	0.054044
1.234	0.051677
1.235	0.051065
1.236	0.050132
1.237	0.048357
1.238	0.047312
1.239	0.050088
1.24	0.059769
1.241	0.077583
1.242	0.10155
1.243	0.12638
1.244	0.14493
1.245	0.15084
1.246	0.14147
1.247	0.12002
1.248	0.095736
1.249	0.082068
1.25	0.092972
1.251	0.13864
1.252	0.22201
1.253	0.33735
1.254	0.47145
1.255	0.60699
1.256	0.72715
1.257	0.81983
1.258	0.88015
1.259	0.91063
1.26	0.9191
1.261	0.91537
1.262	0.90786
1.263	0.90143
1.264	0.89694
1.265	0.89239
1.266	0.8851
1.267	0.87371
1.268	0.85927
1.269	0.84512
1.27	0.83562
1.271	0.83447
1.272	0.84331
1.273	0.86115
1.274	0.88475
1.275	0.90975
1.276	0.93192
1.277	0.94815
1.278	0.95686
1.279	0.95777
1.28	0.95147
1.281	0.93905
1.282	0.92189
1.283	0.9019
1.284	0.88158
1.285	0.86407
1.286	0.85261
1.287	0.84974
1.288	0.85638
1.289	0.87122
1.29	0.89086
1.291	0.91054
1.292	0.92554
1.293	0.93256
1.294	0.93068
1.295	0.92148
1.296	0.90831
1.297	0.895
1.298	0.88445
1.299	0.87776
1.3	0.87408
1.301	0.87127
1.302	0.86707
1.303	0.86024
1.304	0.85117
1.305	0.84178
1.306	0.83482
1.307	0.83267
1.308	0.83633
1.309	0.84497
1.31	0.85607
1.311	0.86622
1.312	0.87224
1.313	0.87213
1.314	0.86562
1.315	0.85412
1.316	0.84012
1.317	0.82637
1.318	0.81507
1.319	0.80742
1.32	0.80349
1.321	0.80256
1.322	0.80359
1.323	0.80565
1.324	0.80821
1.325	0.81113
1.326	0.81446
1.327	0.81814
1.328	0.82173
1.329	0.82435
1.33	0.82476
1.331	0.82168
1.332	0.81421
1.333	0.80215
1.334	0.78627
1.335	0.76827
1.336	0.75052
1.337	0.73564
1.338	0.72587
1.339	0.72257
1.34	0.72581
1.341	0.73431
1.342	0.74566
1.343	0.75683
1.344	0.76482
1.345	0.76735
1.346	0.76327
1.347	0.75284
1.348	0.73754
1.349	0.7197
1.35	0.7019
1.351	0.68652
1.352	0.6752
1.353	0.66871
1.354	0.66689
1.355	0.66884
1.356	0.67319
1.357	0.67837
1.358	0.68291
1.359	0.68562
1.36	0.68572
1.361	0.68286
1.362	0.67707
1.363	0.66872
1.364	0.65831
1.365	0.64646
1.366	0.63385
1.367	0.62123
1.368	0.60947
1.369	0.59967
1.37	0.59304
1.371	0.59075
1.372	0.59361
1.373	0.60169
1.374	0.61408
1.375	0.62879
1.376	0.64307
1.377	0.65393
1.378	0.6589
1.379	0.65668
1.38	0.64748
1.381	0.63293
1.382	0.61555
1.383	0.59797
1.384	0.58214
1.385	0.56892
1.386	0.55807
1.387	0.54876
1.388	0.54028
1.389	0.53263
1.39	0.52674
1.391	0.52411
1.392	0.52606
1.393	0.53283
1.394	0.54294
1.395	0.55329
1.396	0.55983
1.397	0.55884
1.398	0.54832
1.399	0.52883
1.4	0.50363
1.401	0.47775
1.402	0.45648
1.403	0.44367
1.404	0.44045
1.405	0.44498
1.406	0.45317
1.407	0.46019
1.408	0.46226
1.409	0.45793
1.41	0.44851
1.411	0.43729
1.412	0.42814
1.413	0.42378
1.414	0.42461
1.415	0.42841
1.416	0.43118
1.417	0.42872
1.418	0.41838
1.419	0.40027
1.42	0.37752
1.421	0.35535
1.422	0.33935
1.423	0.33353
1.424	0.33894
1.425	0.35319
1.426	0.37122
1.427	0.38688
1.428	0.39486
1.429	0.39225
1.43	0.37927
1.431	0.35886
1.432	0.33549
1.433	0.31355
1.434	0.29598
1.435	0.28356
1.436	0.27511
1.437	0.26839
1.438	0.26133
1.439	0.25307
1.44	0.2444
1.441	0.23739
1.442	0.23449
1.443	0.23725
1.444	0.24539
1.445	0.25648
1.446	0.26639
1.447	0.27047
1.448	0.26504
1.449	0.2487
1.45	0.22293
1.451	0.19189
1.452	0.16131
1.453	0.13698
1.454	0.12306
1.455	0.12106
1.456	0.12952
1.457	0.14457
1.458	0.1612
1.459	0.17469
1.46	0.1818
1.461	0.18137
1.462	0.17418
1.463	0.16221
1.464	0.14774
1.465	0.13257
1.466	0.11763
1.467	0.1032
1.468	0.089401
1.469	0.076768
1.47	0.066529
1.471	0.060429
1.472	0.060146
1.473	0.066506
1.474	0.078887
1.475	0.095091
1.476	0.1118
1.477	0.12547
1.478	0.13342
1.479	0.13454
1.48	0.12957
1.481	0.12057
1.482	0.1101
1.483	0.10022
1.484	0.091855
1.485	0.084723
1.486	0.077913
1.487	0.070718
1.488	0.063412
1.489	0.057527
1.49	0.055464
1.491	0.059512
1.492	0.070698
1.493	0.087908
1.494	0.10776
1.495	0.12532
1.496	0.13556
1.497	0.13497
1.498	0.12287
1.499	0.10178
1.5	0.07684
1.501	0.054308
1.502	0.039669
1.503	0.03607
1.504	0.04351
1.505	0.059083
1.506	0.078125
1.507	0.095838
1.508	0.10877
1.509	0.11565
1.51	0.11733
1.511	0.11598
1.512	0.11379
1.513	0.11191
1.514	0.10995
1.515	0.10627
1.516	0.098953
1.517	0.087005
1.518	0.071241
1.519	0.054486
1.52	0.040909
1.521	0.034662
1.522	0.038388
1.523	0.0521
1.524	0.072948
1.525	0.095966
1.526	0.11559
1.527	0.12738
1.528	0.1293
1.529	0.12219
1.53	0.10906
1.531	0.093858
1.532	0.079857
1.533	0.068665
1.534	0.060031
1.535	0.052584
1.536	0.04512
1.537	0.037762
1.538	0.032419
1.539	0.032219
1.54	0.040066
1.541	0.056929
1.542	0.080655
1.543	0.10598
1.544	0.12598
1.545	0.1346
1.546	0.12938
1.547	0.11334
1.548	0.09517
1.549	0.087398
1.55	0.10299
1.551	0.1514
1.552	0.23547
1.553	0.35002
1.554	0.48294
1.555	0.61819
1.556	0.73988
1.557	0.83613
1.558	0.90148
1.559	0.93723
1.56	0.9499
1.561	0.94831
1.562	0.94071
1.563	0.93258
1.564	0.92595
1.565	0.92012
1.566	0.9133
1.567	0.90431
1.568	0.8937
1.569	0.88386
1.57	0.87813
1.571	0.87943
1.572	0.889
1.573	0.90568
1.574	0.92616
1.575	0.94592
1.576	0.96061
1.577	0.96726
1.578	0.96503
1.579	0.95522
1.58	0.94069
1.581	0.92483
1.582	0.91068
1.583	0.90025
1.584	0.89428
1.585	0.89246
1.586	0.89386
1.587	0.89737
1.588	0.902
1.589	0.90703
1.59	0.91195
1.591	0.91627
1.592	0.91946
1.593	0.92094
1.594	0.92017
1.595	0.9168
1.596	0.91087
1.597	0.90279
1.598	0.89329
1.599	0.88329
1.6	0.87362
1.601	0.86488
1.602	0.8574
1.603	0.85121
1.604	0.84625
1.605	0.84249
1.606	0.84004
1.607	0.83916
1.608	0.84007
1.609	0.84282
1.61	0.84696
1.611	0.85155
1.612	0.85513
1.613	0.85604
1.614	0.85284
1.615	0.84481
1.616	0.83226
1.617	0.81665
1.618	0.80039
1.619	0.78628
1.62	0.77683
1.621	0.77362
1.622	0.77687
1.623	0.78534
1.624	0.7967
1.625	0.8081
1.626	0.81696
1.627	0.82153
1.628	0.82117
1.629	0.81635
1.63	0.80821
1.631	0.79815
1.632	0.78737
1.633	0.77669
1.634	0.76662
1.635	0.75759
1.636	0.75021
1.637	0.74538
1.638	0.74407
1.639	0.74696
1.64	0.75393
1.641	0.76377
1.642	0.77416
1.643	0.78216
1.644	0.78489
1.645	0.78043
1.646	0.76842
1.647	0.75021
1.648	0.72855
1.649	0.70679
1.65	0.68805
1.651	0.67442
1.652	0.66664
1.653	0.66428
1.654	0.66616
1.655	0.67098
1.656	0.67776
1.657	0.68592
1.658	0.69512
1.659	0.70481
1.66	0.71398
1.661	0.72104
1.662	0.72414
1.663	0.72167
1.664	0.7128
1.665	0.69789
1.666	0.67844
1.667	0.65676
1.668	0.63543
1.669	0.61672
1.67	0.60221
1.671	0.59272
1.672	0.58845
1.673	0.58918
1.674	0.59443
1.675	0.60338
1.676	0.61478
1.677	0.62677
1.678	0.63701
1.679	0.6431
1.68	0.64316
1.681	0.63654
1.682	0.6242
1.683	0.60864
1.684	0.59332
1.685	0.58163
1.686	0.57589
1.687	0.57665
1.688	0.58264
1.689	0.59126
1.69	0.5996
1.691	0.60538
1.692	0.60763
1.693	0.60667
1.694	0.60361
1.695	0.59952
1.696	0.5946
1.697	0.588
1.698	0.57804
1.699	0.56308
1.7	0.54247
1.701	0.51723
1.702	0.49016
1.703	0.46522
1.704	0.44644
1.705	0.43672
1.706	0.43693
1.707	0.44568
1.708	0.4598
1.709	0.47527
1.71	0.48834
1.711	0.49638
1.712	0.49824
1.713	0.49404
1.714	0.48468
1.715	0.47129
1.716	0.45483
1.717	0.43613
1.718	0.41616
1.719	0.39637
1.72	0.37882
1.721	0.36597
1.722	0.3601
1.723	0.3625
1.724	0.37282
1.725	0.38875
1.726	0.40634
1.727	0.42082
1.728	0.42775
1.729	0.42419
1.73	0.40942
1.731	0.38516
1.732	0.35506
1.733	0.32381
1.734	0.29594
1.735	0.27488
1.736	0.26234
1.737	0.25822
1.738	0.26097
1.739	0.26823
1.74	0.27749
1.741	0.28658
1.742	0.29388
1.743	0.29832
1.744	0.29913
1.745	0.29572
1.746	0.28759
1.747	0.27444
1.748	0.25647
1.749	0.23459
1.75	0.21054
1.751	0.18673
1.752	0.16583
1.753	0.15022
1.754	0.14133
1.755	0.13931
1.756	0.14296
1.757	0.15
1.758	0.15767
1.759	0.16342
1.76	0.16548
1.761	0.16319
1.762	0.15692
1.763	0.14778
1.764	0.13718
1.765	0.12639
1.766	0.11629
1.767	0.10744
1.768	0.10014
1.769	0.094743
1.77	0.091706
1.771	0.091565
1.772	0.094694
1.773	0.101
1.774	0.10968
1.775	0.11919
1.776	0.12748
1.777	0.13247
1.778	0.13253
1.779	0.12701
1.78	0.11642
1.781	0.10234
1.782	0.087035
1.783	0.072944
1.784	0.062102
1.785	0.055798
1.786	0.054426
1.787	0.057599
1.788	0.06442
1.789	0.073773
1.79	0.084563
1.791	0.095799
1.792	0.10657
1.793	0.11592
1.794	0.12285
1.795	0.12629
1.796	0.12534
1.797	0.11948
1.798	0.10888
1.799	0.094507
1.8	0.078111
1.801	0.061936
1.802	0.048327
1.803	0.039278
1.804	0.036078
1.805	0.039159
1.806	0.048155
1.807	0.062114
1.808	0.079741
1.809	0.099545
1.81	0.11985
1.811	0.13866
1.812	0.15364
1.813	0.16216
1.814	0.16181
1.815	0.15115
1.816	0.13049
1.817	0.10248
1.818	0.07213
1.819	0.045878
1.82	0.030078
1.821	0.029067
1.822	0.043551
1.823	0.069932
1.824	0.10096
1.825	0.12768
1.826	0.14212
1.827	0.1399
1.828	0.12171
1.829	0.093162
1.83	0.062932
1.831	0.039773
1.832	0.029498
1.833	0.033049
1.834	0.046432
1.835	0.062531
1.836	0.074151
1.837	0.077051
1.838	0.07172
1.839	0.063137
1.84	0.058523
1.841	0.063999
1.842	0.081522
1.843	0.10747
1.844	0.13366
1.845	0.1505
1.846	0.15128
1.847	0.13583
1.848	0.112
1.849	0.094188
1.85	0.099262
1.851	0.14106
1.852	0.2255
1.853	0.348
1.854	0.49421
1.855	0.64381
1.856	0.77611
1.857	0.87565
1.858	0.93577
1.859	0.95936
1.86	0.95654
1.861	0.94054
1.862	0.9232
1.863	0.91178
1.864	0.90788
1.865	0.9087
1.866	0.90956
1.867	0.90674
1.868	0.89927
1.869	0.88926
1.87	0.88066
1.871	0.87738
1.872	0.88145
1.873	0.89221
1.874	0.90668
1.875	0.92081
1.876	0.93115
1.877	0.93596
1.878	0.93552
1.879	0.93157
1.88	0.92611
1.881	0.92041
1.882	0.91446
1.883	0.90733
1.884	0.89807
1.885	0.88669
1.886	0.87478
1.887	0.86537
1.888	0.86196
1.889	0.86714
1.89	0.88137
1.891	0.90242
1.892	0.92573
1.893	0.94562
1.894	0.95699
1.895	0.95679
1.896	0.9449
1.897	0.92399
1.898	0.89864
1.899	0.87388
1.9	0.85381
1.901	0.84069
1.902	0.83473
1.903	0.83452
1.904	0.83791
1.905	0.8429
1.906	0.84823
1.907	0.85355
1.908	0.85916
1.909	0.86549
1.91	0.87262
1.911	0.87997
1.912	0.88625
1.913	0.8898
1.914	0.88894
1.915	0.88256
1.916	0.8704
1.917	0.85336
1.918	0.83344
1.919	0.81353
1.92	0.79692
1.921	0.7867
1.922	0.78505
1.923	0.79259
1.924	0.80804
1.925	0.82822
1.926	0.84864
1.927	0.86437
1.928	0.87132
1.929	0.86727
1.93	0.85252
1.931	0.82987
1.932	0.80391
1.933	0.77971
1.934	0.7615
1.935	0.75155
1.936	0.7498
1.937	0.75417
1.938	0.76149
1.939	0.76869
1.94	0.77378
1.941	0.77623
1.942	0.77678
1.943	0.77668
1.944	0.77681
1.945	0.77705
1.946	0.77613
1.947	0.77217
1.948	0.76347
1.949	0.74948
1.95	0.73125
1.951	0.71143
1.952	0.69362
1.953	0.68133
1.954	0.67698
1.955	0.68119
1.956	0.69263
1.957	0.70847
1.958	0.72515
1.959	0.73931
1.96	0.74842
1.961	0.75122
1.962	0.7477
1.963	0.73882
1.964	0.72619
1.965	0.71165
1.966	0.69706
1.967	0.68405
1.968	0.67387
1.969	0.66727
1.97	0.66438
1.971	0.66473
1.972	0.66734
1.973	0.67098
1.974	0.67447
1.975	0.67692
1.976	0.67787
1.977	0.67721
1.978	0.67499
1.979	0.67112
1.98	0.6653
1.981	0.65707
1.982	0.64606
1.983	0.6324
1.984	0.61691
1.985	0.60123
1.986	0.5875
1.987	0.57783
1.988	0.57375
1.989	0.57569
1.99	0.58283
1.991	0.59326
1.992	0.60446
1.993	0.61385
1.994	0.6193
1.995	0.61942
1.996	0.61366
1.997	0.6022
1.998	0.58582
1.999	0.56579
2	0.54382
2.001	0.52201
2.002	0.50266
2.003	0.48795
2.004	0.47954
2.005	0.4781
2.006	0.48299
2.007	0.49228
2.008	0.50308
2.009	0.51218
2.01	0.51673
2.011	0.51485
2.012	0.50597
2.013	0.49077
2.014	0.47091
2.015	0.44855
2.016	0.42599
2.017	0.40536
2.018	0.38851
2.019	0.37692
2.02	0.37159
2.021	0.37287
2.022	0.38026
2.023	0.39224
2.024	0.40632
2.025	0.41945
2.026	0.42857
2.027	0.43139
2.028	0.42686
2.029	0.41551
2.03	0.39912
2.031	0.38017
2.032	0.36103
2.033	0.34327
2.034	0.32735
2.035	0.31277
2.036	0.29862
2.037	0.28428
2.038	0.26996
2.039	0.25684
2.04	0.24673
2.041	0.24134
2.042	0.24149
2.043	0.24648
2.044	0.254
2.045	0.26064
2.046	0.26283
2.047	0.25798
2.048	0.24539
2.049	0.22662
2.05	0.20516
2.051	0.18549
2.052	0.17179
2.053	0.16665
2.054	0.17035
2.055	0.1807
2.056	0.19374
2.057	0.20489
2.058	0.21036
2.059	0.20817
2.06	0.19869
2.061	0.18436
2.062	0.16875
2.063	0.15541
2.064	0.14668
2.065	0.14303
2.066	0.14312
2.067	0.14438
2.068	0.14412
2.069	0.14055
2.07	0.13344
2.071	0.12421
2.072	0.11539
2.073	0.10962
2.074	0.10871
2.075	0.11288
2.076	0.1206
2.077	0.12905
2.078	0.13495
2.079	0.13553
2.08	0.1294
2.081	0.11691
2.082	0.1001
2.083	0.082153
2.084	0.066643
2.085	0.056711
2.086	0.054417
2.087	0.060353
2.088	0.073578
2.089	0.091828
2.09	0.11197
2.091	0.13059
2.092	0.1446
2.093	0.15184
2.094	0.15146
2.095	0.144
2.096	0.13122
2.097	0.11558
2.098	0.099598
2.099	0.085265
2.1	0.073612
2.101	0.064694
2.102	0.057894
2.103	0.052464
2.104	0.048054
2.105	0.045038
2.106	0.044463
2.107	0.047635
2.108	0.055492
2.109	0.068002
2.11	0.083836
2.111	0.10047
2.112	0.11472
2.113	0.12353
2.114	0.12479
2.115	0.11798
2.116	0.10429
2.117	0.086434
2.118	0.068014
2.119	0.052735
2.12	0.043644
2.121	0.042557
2.122	0.049762
2.123	0.064049
2.124	0.08299
2.125	0.10342
2.126	0.12202
2.127	0.13587
2.128	0.1429
2.129	0.14218
2.13	0.134
2.131	0.11967
2.132	0.10127
2.133	0.081313
2.134	0.062429
2.135	0.047179
2.136	0.037868
2.137	0.036335
2.138	0.043648
2.139	0.059674
2.14	0.082654
2.141	0.10901
2.142	0.13363
2.143	0.15074
2.144	0.15547
2.145	0.14551
2.146	0.12271
2.147	0.093594
2.148	0.068743
2.149	0.060726
2.15	0.081087
2.151	0.13716
2.152	0.22965
2.153	0.35184
2.154	0.49071
2.155	0.62987
2.156	0.75336
2.157	0.84932
2.158	0.91243
2.159	0.94441
2.16	0.95259
2.161	0.94706
2.162	0.93741
2.163	0.93015
2.164	0.92742
2.165	0.92751
2.166	0.92652
2.167	0.92064
2.168	0.90812
2.169	0.89019
2.17	0.87078
2.171	0.85505
2.172	0.84761
2.173	0.85087
2.174	0.86417
2.175	0.88407
2.176	0.90542
2.177	0.92303
2.178	0.93311
2.179	0.93422
2.18	0.92736
2.181	0.91528
2.182	0.90136
2.183	0.88854
2.184	0.87851
2.185	0.87161
2.186	0.86724
2.187	0.86451
2.188	0.86293
2.189	0.86271
2.19	0.8647
2.191	0.86977
2.192	0.87822
2.193	0.88919
2.194	0.90063
2.195	0.90968
2.196	0.9135
2.197	0.91021
2.198	0.89962
2.199	0.88347
2.2	0.86501
2.201	0.84811
2.202	0.83616
2.203	0.83111
2.204	0.83301
2.205	0.84009
2.206	0.84951
2.207	0.85828
2.208	0.86423
2.209	0.8665
2.21	0.86557
2.211	0.86283
2.212	0.85974
2.213	0.85718
2.214	0.85502
2.215	0.85215
2.216	0.84697
2.217	0.83817
2.218	0.82535
2.219	0.80948
2.22	0.79283
2.221	0.77848
2.222	0.76949
2.223	0.76803
2.224	0.77469
2.225	0.78819
2.226	0.80566
2.227	0.8232
2.228	0.83679
2.229	0.84324
2.23	0.84087
2.231	0.82982
2.232	0.81194
2.233	0.79032
2.234	0.76849
2.235	0.74975
2.236	0.73646
2.237	0.72975
2.238	0.7295
2.239	0.73453
2.24	0.743
2.241	0.75282
2.242	0.76193
2.243	0.76851
2.244	0.77114
2.245	0.76888
2.246	0.76142
2.247	0.7492
2.248	0.73353
2.249	0.71652
2.25	0.70084
2.251	0.68918
2.252	0.68365
2.253	0.68514
2.254	0.69299
2.255	0.705
2.256	0.71798
2.257	0.72851
2.258	0.73393
2.259	0.733
2.26	0.72623
2.261	0.71551
2.262	0.7035
2.263	0.69259
2.264	0.68417
2.265	0.67823
2.266	0.67349
2.267	0.66806
2.268	0.66026
2.269	0.64947
2.27	0.63644
2.271	0.62321
2.272	0.61248
2.273	0.60665
2.274	0.60703
2.275	0.61327
2.276	0.62335
2.277	0.63416
2.278	0.64226
2.279	0.64493
2.28	0.64084
2.281	0.63036
2.282	0.61543
2.283	0.59892
2.284	0.58388
2.285	0.5728
2.286	0.56705
2.287	0.56674
2.288	0.57081
2.289	0.57747
2.29	0.58466
2.291	0.59053
2.292	0.5937
2.293	0.5934
2.294	0.58944
2.295	0.58202
2.296	0.57162
2.297	0.55882
2.298	0.54426
2.299	0.52863
2.3	0.51271
2.301	0.49743
2.302	0.48386
2.303	0.47313
2.304	0.4663
2.305	0.46411
2.306	0.46674
2.307	0.47361
2.308	0.48331
2.309	0.49372
2.31	0.50229
2.311	0.50655
2.312	0.50462
2.313	0.49571
2.314	0.48033
2.315	0.46027
2.316	0.43817
2.317	0.41695
2.318	0.39916
2.319	0.38642
2.32	0.37926
2.321	0.37717
2.322	0.37897
2.323	0.38331
2.324	0.389
2.325	0.39519
2.326	0.40127
2.327	0.40653
2.328	0.41001
2.329	0.41037
2.33	0.40611
2.331	0.39606
2.332	0.37986
2.333	0.35839
2.334	0.33375
2.335	0.30897
2.336	0.28725
2.337	0.27123
2.338	0.26231
2.339	0.2604
2.34	0.26409
2.341	0.27108
2.342	0.27885
2.343	0.28515
2.344	0.28834
2.345	0.28742
2.346	0.28196
2.347	0.27192
2.348	0.25766
2.349	0.24
2.35	0.2203
2.351	0.20047
2.352	0.1827
2.353	0.16901
2.354	0.16069
2.355	0.15787
2.356	0.15941
2.357	0.16324
2.358	0.16701
2.359	0.16884
2.36	0.1679
2.361	0.16456
2.362	0.16001
2.363	0.1556
2.364	0.1521
2.365	0.14929
2.366	0.14604
2.367	0.1409
2.368	0.13292
2.369	0.12242
2.37	0.11118
2.371	0.10208
2.372	0.098138
2.373	0.10134
2.374	0.11172
2.375	0.12702
2.376	0.14318
2.377	0.15547
2.378	0.15986
2.379	0.15431
2.38	0.13932
2.381	0.11775
2.382	0.093993
2.383	0.072628
2.384	0.05727
2.385	0.049772
2.386	0.050074
2.387	0.056612
2.388	0.067102
2.389	0.079317
2.39	0.091625
2.391	0.10312
2.392	0.1134
2.393	0.12212
2.394	0.12865
2.395	0.13192
2.396	0.13066
2.397	0.12382
2.398	0.11126
2.399	0.094076
2.4	0.074791
2.401	0.056926
2.402	0.044258
2.403	0.039821
2.404	0.045018
2.405	0.059086
2.406	0.079174
2.407	0.10102
2.408	0.12007
2.409	0.1327
2.41	0.13716
2.411	0.13387
2.412	0.12509
2.413	0.11391
2.414	0.10306
2.415	0.093996
2.416	0.086525
2.417	0.079174
2.418	0.070148
2.419	0.05846
2.42	0.044731
2.421	0.031304
2.422	0.021568
2.423	0.01873
2.424	0.024528
2.425	0.038404
2.426	0.057518
2.427	0.077582
2.428	0.094254
2.429	0.10448
2.43	0.10728
2.431	0.10374
2.432	0.096216
2.433	0.087231
2.434	0.078561
2.435	0.070941
2.436	0.064456
2.437	0.059325
2.438	0.05657
2.439	0.05805
2.44	0.065711
2.441	0.080298
2.442	0.10016
2.443	0.12087
2.444	0.13624
2.445	0.14046
2.446	0.13087
2.447	0.11025
2.448	0.087474
2.449	0.075961
2.45	0.090214
2.451	0.14133
2.452	0.23304
2.453	0.35973
2.454	0.50716
2.455	0.65603
2.456	0.78693
2.457	0.88541
2.458	0.94526
2.459	0.96926
2.46	0.96702
2.461	0.95119
2.462	0.93322
2.463	0.92027
2.464	0.91414
2.465	0.91237
2.466	0.91067
2.467	0.90559
2.468	0.89635
2.469	0.88513
2.47	0.87596
2.471	0.87284
2.472	0.87797
2.473	0.89087
2.474	0.90863
2.475	0.92713
2.476	0.94252
2.477	0.95238
2.478	0.95607
2.479	0.95427
2.48	0.94812
2.481	0.93841
2.482	0.92535
2.483	0.90892
2.484	0.8897
2.485	0.86956
2.486	0.85183
2.487	0.84072
2.488	0.83998
2.489	0.85151
2.49	0.87425
2.491	0.90404
2.492	0.93448
2.493	0.95858
2.494	0.97071
2.495	0.9681
2.496	0.95152
2.497	0.92485
2.498	0.89385
2.499	0.86445
2.5	0.84133
2.501	0.827
2.502	0.82169
2.503	0.82384
2.504	0.83107
2.505	0.84097
2.506	0.85167
2.507	0.86198
2.508	0.87117
2.509	0.87863
2.51	0.88364
2.511	0.88532
2.512	0.88288
2.513	0.87599
2.514	0.8651
2.515	0.85156
2.516	0.83745
2.517	0.82511
2.518	0.81652
2.519	0.8128
2.52	0.81388
2.521	0.81855
2.522	0.82485
2.523	0.83064
2.524	0.8342
2.525	0.83463
2.526	0.83192
2.527	0.82672
2.528	0.81989
2.529	0.81207
2.53	0.80344
2.531	0.79383
2.532	0.78302
2.533	0.77123
2.534	0.75942
2.535	0.7493
2.536	0.74289
2.537	0.74186
2.538	0.74677
2.539	0.75668
2.54	0.76923
2.541	0.78125
2.542	0.78978
2.543	0.79295
2.544	0.79057
2.545	0.78403
2.546	0.77557
2.547	0.76724
2.548	0.75996
2.549	0.75319
2.55	0.74525
2.551	0.73435
2.552	0.71981
2.553	0.70296
2.554	0.68718
2.555	0.67708
2.556	0.67686
2.557	0.68855
2.558	0.71084
2.559	0.73895
2.56	0.7657
2.561	0.7836
2.562	0.78714
2.563	0.77455
2.564	0.7484
2.565	0.71482
2.566	0.68153
2.567	0.65553
2.568	0.64105
2.569	0.63861
2.57	0.64527
2.571	0.65605
2.572	0.66579
2.573	0.67084
2.574	0.67004
2.575	0.66459
2.576	0.65717
2.577	0.65056
2.578	0.64644
2.579	0.64483
2.58	0.64422
2.581	0.64233
2.582	0.63721
2.583	0.62809
2.584	0.61576
2.585	0.60235
2.586	0.59063
2.587	0.58314
2.588	0.58137
2.589	0.5854
2.59	0.59398
2.591	0.60488
2.592	0.61556
2.593	0.62368
2.594	0.62746
2.595	0.62587
2.596	0.61858
2.597	0.60586
2.598	0.5885
2.599	0.56778
2.6	0.5454
2.601	0.52341
2.602	0.50402
2.603	0.48925
2.604	0.48062
2.605	0.4787
2.606	0.48302
2.607	0.49206
2.608	0.50354
2.609	0.51487
2.61	0.5237
2.611	0.5283
2.612	0.52781
2.613	0.52224
2.614	0.51229
2.615	0.49904
2.616	0.4837
2.617	0.46739
2.618	0.45111
2.619	0.43574
2.62	0.42215
2.621	0.41117
2.622	0.40353
2.623	0.39962
2.624	0.3993
2.625	0.40173
2.626	0.40533
2.627	0.40798
2.628	0.40747
2.629	0.40195
2.63	0.3905
2.631	0.37342
2.632	0.35223
2.633	0.32945
2.634	0.30797
2.635	0.29039
2.636	0.27837
2.637	0.27228
2.638	0.27111
2.639	0.27283
2.64	0.27494
2.641	0.27518
2.642	0.27204
2.643	0.26505
2.644	0.25473
2.645	0.24225
2.646	0.22893
2.647	0.21581
2.648	0.20339
2.649	0.19168
2.65	0.18047
2.651	0.16973
2.652	0.15987
2.653	0.15185
2.654	0.14696
2.655	0.14636
2.656	0.15056
2.657	0.15902
2.658	0.17005
2.659	0.18107
2.66	0.18923
2.661	0.19205
2.662	0.18812
2.663	0.17737
2.664	0.16102
2.665	0.14122
2.666	0.12039
2.667	0.10071
2.668	0.083709
2.669	0.070228
2.67	0.060586
2.671	0.054913
2.672	0.053425
2.673	0.056497
2.674	0.064493
2.675	0.077407
2.676	0.094486
2.677	0.114
2.678	0.13331
2.679	0.14929
2.68	0.15902
2.681	0.16047
2.682	0.15315
2.683	0.13831
2.684	0.11878
2.685	0.098336
2.686	0.080912
2.687	0.069726
2.688	0.066647
2.689	0.071894
2.69	0.084134
2.691	0.1009
2.692	0.11918
2.693	0.13601
2.694	0.14892
2.695	0.15622
2.696	0.15708
2.697	0.15152
2.698	0.14029
2.699	0.12483
2.7	0.10719
2.701	0.08982
2.702	0.075363
2.703	0.066244
2.704	0.064223
2.705	0.069977
2.706	0.082857
2.707	0.10091
2.708	0.12124
2.709	0.14053
2.71	0.15569
2.711	0.16447
2.712	0.1657
2.713	0.15946
2.714	0.14684
2.715	0.12969
2.716	0.11032
2.717	0.091221
2.718	0.074835
2.719	0.063325
2.72	0.058262
2.721	0.060285
2.722	0.068842
2.723	0.082134
2.724	0.097382
2.725	0.11146
2.726	0.12168
2.727	0.12654
2.728	0.12606
2.729	0.12162
2.73	0.1152
2.731	0.10846
2.732	0.10199
2.733	0.095062
2.734	0.086237
2.735	0.074425
2.736	0.060088
2.737	0.045891
2.738	0.036361
2.739	0.036473
2.74	0.049569
2.741	0.07543
2.742	0.10939
2.743	0.14313
2.744	0.16709
2.745	0.17398
2.746	0.16202
2.747	0.13675
2.748	0.11051
2.749	0.099495
2.75	0.11905
2.751	0.17888
2.752	0.27964
2.753	0.41208
2.754	0.55923
2.755	0.70087
2.756	0.81885
2.757	0.90161
2.758	0.94654
2.759	0.95947
2.76	0.95186
2.761	0.9366
2.762	0.92414
2.763	0.9199
2.764	0.92385
2.765	0.93194
2.766	0.93861
2.767	0.93944
2.768	0.93281
2.769	0.92036
2.77	0.90605
2.771	0.89461
2.772	0.88988
2.773	0.89368
2.774	0.90548
2.775	0.92282
2.776	0.94217
2.777	0.95979
2.778	0.97249
2.779	0.97799
2.78	0.97514
2.781	0.96395
2.782	0.94562
2.783	0.92253
2.784	0.89803
2.785	0.87599
2.786	0.86011
2.787	0.85312
2.788	0.85597
2.789	0.86755
2.79	0.88482
2.791	0.90357
2.792	0.91948
2.793	0.92924
2.794	0.93123
2.795	0.92581
2.796	0.91485
2.797	0.90097
2.798	0.88662
2.799	0.87346
2.8	0.86209
2.801	0.85234
2.802	0.84374
2.803	0.83611
2.804	0.82984
2.805	0.82586
2.806	0.82522
2.807	0.82861
2.808	0.83585
2.809	0.84577
2.81	0.85644
2.811	0.86564
2.812	0.8715
2.813	0.87298
2.814	0.87006
2.815	0.86359
2.816	0.8549
2.817	0.84536
2.818	0.83608
2.819	0.82779
2.82	0.82098
2.821	0.81607
2.822	0.81351
2.823	0.81371
2.824	0.81674
2.825	0.82202
2.826	0.82812
2.827	0.83288
2.828	0.83385
2.829	0.82907
2.83	0.81771
2.831	0.80057
2.832	0.77998
2.833	0.75919
2.834	0.74152
2.835	0.72933
2.836	0.72351
2.837	0.72336
2.838	0.72712
2.839	0.73277
2.84	0.73884
2.841	0.74479
2.842	0.75084
2.843	0.75741
2.844	0.76435
2.845	0.77044
2.846	0.77341
2.847	0.77063
2.848	0.76015
2.849	0.74179
2.85	0.71765
2.851	0.69193
2.852	0.66986
2.853	0.65621
2.854	0.65374
2.855	0.66237
2.856	0.67912
2.857	0.69909
2.858	0.71695
2.859	0.7285
2.86	0.73175
2.861	0.72714
2.862	0.71695
2.863	0.70415
2.864	0.69127
2.865	0.67962
2.866	0.66917
2.867	0.65913
2.868	0.64875
2.869	0.63804
2.87	0.6281
2.871	0.62077
2.872	0.6179
2.873	0.62048
2.874	0.62804
2.875	0.63859
2.876	0.64914
2.877	0.65656
2.878	0.65856
2.879	0.65429
2.88	0.64439
2.881	0.6306
2.882	0.61497
2.883	0.59925
2.884	0.58444
2.885	0.57092
2.886	0.55888
2.887	0.54879
2.888	0.54167
2.889	0.539
2.89	0.54202
2.891	0.55103
2.892	0.5647
2.893	0.57994
2.894	0.59246
2.895	0.59791
2.896	0.59322
2.897	0.57775
2.898	0.55367
2.899	0.52553
2.9	0.49895
2.901	0.47897
2.902	0.46862
2.903	0.46804
2.904	0.47475
2.905	0.48457
2.906	0.49318
2.907	0.4975
2.908	0.49651
2.909	0.49121
2.91	0.48383
2.911	0.47659
2.912	0.47065
2.913	0.4656
2.914	0.4597
2.915	0.45082
2.916	0.43758
2.917	0.42028
2.918	0.40111
2.919	0.38366
2.92	0.37173
2.921	0.36799
2.922	0.37296
2.923	0.38468
2.924	0.39923
2.925	0.41192
2.926	0.41865
2.927	0.41709
2.928	0.40718
2.929	0.39096
2.93	0.37163
2.931	0.35252
2.932	0.33609
2.933	0.32336
2.934	0.314
2.935	0.30685
2.936	0.30061
2.937	0.29454
2.938	0.2887
2.939	0.2839
2.94	0.28116
2.941	0.28117
2.942	0.28376
2.943	0.28767
2.944	0.29077
2.945	0.29054
2.946	0.28474
2.947	0.27212
2.948	0.25285
2.949	0.2286
2.95	0.20229
2.951	0.17746
2.952	0.15749
2.953	0.14485
2.954	0.14059
2.955	0.14406
2.956	0.15322
2.957	0.16508
2.958	0.17654
2.959	0.18504
2.96	0.18911
2.961	0.18854
2.962	0.18414
2.963	0.17727
2.964	0.1693
2.965	0.16106
2.966	0.15277
2.967	0.14413
2.968	0.13473
2.969	0.12458
2.97	0.11435
2.971	0.10547
2.972	0.099748
2.973	0.098778
2.974	0.10331
2.975	0.11279
2.976	0.12528
2.977	0.13784
2.978	0.14724
2.979	0.15081
2.98	0.14718
2.981	0.13665
2.982	0.12114
2.983	0.10366
2.984	0.087521
2.985	0.075606
2.986	0.069677
2.987	0.070113
2.988	0.075987
2.989	0.085435
2.99	0.096185
2.991	0.1061
2.992	0.11354
2.993	0.11759
2.994	0.11806
2.995	0.11527
2.996	0.10984
2.997	0.10251
2.998	0.093911
2.999	0.084582
3	0.07499
3.001	0.065644
3.002	0.057208
3.003	0.050563
3.004	0.046766
3.005	0.046892
3.006	0.051784
3.007	0.061762
3.008	0.076383
3.009	0.094321
3.01	0.11347
3.011	0.13125
3.012	0.1451
3.013	0.15301
3.014	0.15404
3.015	0.14859
3.016	0.13834
3.017	0.12589
3.018	0.11411
3.019	0.10544
3.02	0.10126
3.021	0.10156
3.022	0.10505
3.023	0.10968
3.024	0.11341
3.025	0.11496
3.026	0.11429
3.027	0.1126
3.028	0.1118
3.029	0.11361
3.03	0.11861
3.031	0.12571
3.032	0.13222
3.033	0.13474
3.034	0.13047
3.035	0.11862
3.036	0.10128
3.037	0.083225
3.038	0.070648
3.039	0.069021
3.04	0.080883
3.041	0.10435
3.042	0.13307
3.043	0.15795
3.044	0.17008
3.045	0.16425
3.046	0.14153
3.047	0.11007
3.048	0.083628
3.049	0.077906
3.05	0.10603
3.051	0.17439
3.052	0.28033
3.053	0.41251
3.054	0.55378
3.055	0.68583
3.056	0.79387
3.057	0.8701
3.058	0.91476
3.059	0.93468
3.06	0.94003
3.061	0.94051
3.062	0.94235
3.063	0.9471
3.064	0.95237
3.065	0.95407
3.066	0.94902
3.067	0.93689
3.068	0.9207
3.069	0.90574
3.07	0.89754
3.071	0.89962
3.072	0.91212
3.073	0.93167
3.074	0.9526
3.075	0.96904
3.076	0.97689
3.077	0.97514
3.078	0.96593
3.079	0.95354
3.08	0.94262
3.081	0.93654
3.082	0.93632
3.083	0.94052
3.084	0.94614
3.085	0.94994
3.086	0.94983
3.087	0.94561
3.088	0.939
3.089	0.93284
3.09	0.92987
3.091	0.93156
3.092	0.93742
3.093	0.945
3.094	0.95067
3.095	0.95084
3.096	0.94317
3.097	0.92749
3.098	0.9059
3.099	0.88227
3.1	0.86107
3.101	0.84605
3.102	0.83918
3.103	0.84019
3.104	0.84685
3.105	0.85587
3.106	0.86415
3.107	0.86974
3.108	0.87248
3.109	0.87367
3.11	0.8753
3.111	0.87885
3.112	0.88437
3.113	0.89013
3.114	0.89298
3.115	0.88953
3.116	0.87752
3.117	0.85694
3.118	0.8305
3.119	0.80308
3.12	0.7804
3.121	0.76732
3.122	0.76634
3.123	0.77682
3.124	0.79521
3.125	0.81616
3.126	0.83412
3.127	0.84488
3.128	0.84653
3.129	0.83961
3.13	0.82649
3.131	0.81031
3.132	0.79401
3.133	0.77959
3.134	0.76808
3.135	0.75979
3.136	0.75478
3.137	0.7532
3.138	0.75522
3.139	0.76078
3.14	0.76907
3.141	0.7784
3.142	0.78634
3.143	0.79033
3.144	0.78853
3.145	0.78051
3.146	0.76757
3.147	0.75233
3.148	0.73793
3.149	0.72691
3.15	0.72042
3.151	0.71793
3.152	0.71768
3.153	0.71761
3.154	0.71644
3.155	0.71432
3.156	0.71276
3.157	0.71387
3.158	0.71916
3.159	0.72839
3.16	0.73911
3.161	0.74707
3.162	0.74753
3.163	0.73702
3.164	0.71485
3.165	0.68379
3.166	0.64954
3.167	0.61921
3.168	0.59917
3.169	0.5931
3.17	0.60097
3.171	0.6192
3.172	0.642
3.173	0.66332
3.174	0.67872
3.175	0.68645
3.176	0.68731
3.177	0.68369
3.178	0.67799
3.179	0.6713
3.18	0.66294
3.181	0.65088
3.182	0.63311
3.183	0.60914
3.184	0.58097
3.185	0.55316
3.186	0.53169
3.187	0.52211
3.188	0.52755
3.189	0.54741
3.19	0.57717
3.191	0.60953
3.192	0.63641
3.193	0.65122
3.194	0.65052
3.195	0.63477
3.196	0.60781
3.197	0.57542
3.198	0.54363
3.199	0.51716
3.2	0.49865
3.201	0.48863
3.202	0.48608
3.203	0.48924
3.204	0.49628
3.205	0.50561
3.206	0.51581
3.207	0.52542
3.208	0.53284
3.209	0.53647
3.21	0.53505
3.211	0.5282
3.212	0.51663
3.213	0.50208
3.214	0.48685
3.215	0.47303
3.216	0.46186
3.217	0.45338
3.218	0.4466
3.219	0.44015
3.22	0.43301
3.221	0.42517
3.222	0.41777
3.223	0.41264
3.224	0.41141
3.225	0.41463
3.226	0.42108
3.227	0.42786
3.228	0.43105
3.229	0.427
3.23	0.41355
3.231	0.39096
3.232	0.36203
3.233	0.3314
3.234	0.30428
3.235	0.28491
3.236	0.27549
3.237	0.27558
3.238	0.28249
3.239	0.29221
3.24	0.30072
3.241	0.30508
3.242	0.30409
3.243	0.29825
3.244	0.2892
3.245	0.2788
3.246	0.26838
3.247	0.25821
3.248	0.24759
3.249	0.23526
3.25	0.22024
3.251	0.20236
3.252	0.1827
3.253	0.16346
3.254	0.14735
3.255	0.13688
3.256	0.13345
3.257	0.13691
3.258	0.14545
3.259	0.15608
3.26	0.16539
3.261	0.17052
3.262	0.16993
3.263	0.16374
3.264	0.15356
3.265	0.14189
3.266	0.13126
3.267	0.1234
3.268	0.11881
3.269	0.11676
3.27	0.11585
3.271	0.11467
3.272	0.11263
3.273	0.11022
3.274	0.10891
3.275	0.1105
3.276	0.11623
3.277	0.12602
3.278	0.13816
3.279	0.14965
3.28	0.15712
3.281	0.1579
3.282	0.15112
3.283	0.13807
3.284	0.12195
3.285	0.10685
3.286	0.096468
3.287	0.092911
3.288	0.096078
3.289	0.10379
3.29	0.11264
3.291	0.11916
3.292	0.12092
3.293	0.11715
3.294	0.10874
3.295	0.097609
3.296	0.085905
3.297	0.075265
3.298	0.066489
3.299	0.059684
3.3	0.054715
3.301	0.051681
3.302	0.051136
3.303	0.053925
3.304	0.060691
3.305	0.071334
3.306	0.084683
3.307	0.098618
3.308	0.1106
3.309	0.11846
3.31	0.12104
3.311	0.11852
3.312	0.11218
3.313	0.10381
3.314	0.094998
3.315	0.086679
3.316	0.07911
3.317	0.072286
3.318	0.066531
3.319	0.06292
3.32	0.063222
3.321	0.069297
3.322	0.082151
3.323	0.10108
3.324	0.12335
3.325	0.1446
3.326	0.16008
3.327	0.16606
3.328	0.16114
3.329	0.14664
3.33	0.12612
3.331	0.10406
3.332	0.084314
3.333	0.068954
3.334	0.058024
3.335	0.050246
3.336	0.044344
3.337	0.040284
3.338	0.039757
3.339	0.045561
3.34	0.060048
3.341	0.08329
3.342	0.1119
3.343	0.13922
3.344	0.1572
3.345	0.15937
3.346	0.144
3.347	0.11606
3.348	0.087133
3.349	0.072881
3.35	0.08872
3.351	0.14504
3.352	0.24355
3.353	0.37607
3.354	0.52625
3.355	0.67373
3.356	0.7995
3.357	0.89061
3.358	0.943
3.359	0.96139
3.36	0.95677
3.361	0.94224
3.362	0.92887
3.363	0.92291
3.364	0.92497
3.365	0.93134
3.366	0.93659
3.367	0.9364
3.368	0.92941
3.369	0.91775
3.37	0.90599
3.371	0.89923
3.372	0.90105
3.373	0.91222
3.374	0.93046
3.375	0.95133
3.376	0.96971
3.377	0.98145
3.378	0.9844
3.379	0.97874
3.38	0.96652
3.381	0.95071
3.382	0.93425
3.383	0.91932
3.384	0.90709
3.385	0.89795
3.386	0.8919
3.387	0.88898
3.388	0.88952
3.389	0.89402
3.39	0.90286
3.391	0.91592
3.392	0.93224
3.393	0.94995
3.394	0.96651
3.395	0.97915
3.396	0.98549
3.397	0.9841
3.398	0.97486
3.399	0.95903
3.4	0.93897
3.401	0.91766
3.402	0.898
3.403	0.88231
3.404	0.87189
3.405	0.86696
3.406	0.8669
3.407	0.87054
3.408	0.87658
3.409	0.88383
3.41	0.89125
3.411	0.89785
3.412	0.9025
3.413	0.90391
3.414	0.90076
3.415	0.89213
3.416	0.87791
3.417	0.8592
3.418	0.83836
3.419	0.81861
3.42	0.80331
3.421	0.79499
3.422	0.7946
3.423	0.80118
3.424	0.81203
3.425	0.82353
3.426	0.83215
3.427	0.83536
3.428	0.83225
3.429	0.82352
3.43	0.81095
3.431	0.79672
3.432	0.78264
3.433	0.76987
3.434	0.7589
3.435	0.74995
3.436	0.74341
3.437	0.73999
3.438	0.74062
3.439	0.74592
3.44	0.75568
3.441	0.76838
3.442	0.78137
3.443	0.79138
3.444	0.79551
3.445	0.79219
3.446	0.78177
3.447	0.76648
3.448	0.74978
3.449	0.73524
3.45	0.72546
3.451	0.72136
3.452	0.72214
3.453	0.72579
3.454	0.72997
3.455	0.73293
3.456	0.73391
3.457	0.73313
3.458	0.7313
3.459	0.72891
3.46	0.72584
3.461	0.7213
3.462	0.71421
3.463	0.70388
3.464	0.69053
3.465	0.67552
3.466	0.66098
3.467	0.64913
3.468	0.64151
3.469	0.63841
3.47	0.63887
3.471	0.64115
3.472	0.6435
3.473	0.64485
3.474	0.64514
3.475	0.64503
3.476	0.64533
3.477	0.64623
3.478	0.64685
3.479	0.64532
3.48	0.63947
3.481	0.6278
3.482	0.61036
3.483	0.5891
3.484	0.56755
3.485	0.54983
3.486	0.53938
3.487	0.53784
3.488	0.54454
3.489	0.55677
3.49	0.57071
3.491	0.58263
3.492	0.58996
3.493	0.59181
3.494	0.5889
3.495	0.58292
3.496	0.57564
3.497	0.56823
3.498	0.56089
3.499	0.55298
3.5	0.54348
3.501	0.53157
3.502	0.51711
3.503	0.50084
3.504	0.4843
3.505	0.4695
3.506	0.45853
3.507	0.45307
3.508	0.45401
3.509	0.46114
3.51	0.47293
3.511	0.48665
3.512	0.49866
3.513	0.50512
3.514	0.50293
3.515	0.49066
3.516	0.46919
3.517	0.44184
3.518	0.41371
3.519	0.39038
3.52	0.37631
3.521	0.37355
3.522	0.38098
3.523	0.39469
3.524	0.40922
3.525	0.41924
3.526	0.4212
3.527	0.41425
3.528	0.40018
3.529	0.38239
3.53	0.36439
3.531	0.34836
3.532	0.33454
3.533	0.32144
3.534	0.30693
3.535	0.28961
3.536	0.26992
3.537	0.25032
3.538	0.23454
3.539	0.22616
3.54	0.227
3.541	0.23613
3.542	0.24981
3.543	0.26258
3.544	0.26906
3.545	0.2657
3.546	0.25201
3.547	0.23058
3.548	0.20616
3.549	0.18386
3.55	0.16748
3.551	0.15839
3.552	0.15541
3.553	0.1557
3.554	0.15612
3.555	0.15465
3.556	0.15101
3.557	0.14657
3.558	0.14336
3.559	0.14282
3.56	0.14484
3.561	0.14751
3.562	0.1478
3.563	0.14278
3.564	0.13106
3.565	0.11364
3.566	0.093872
3.567	0.076469
3.568	0.065867
3.569	0.064603
3.57	0.072321
3.571	0.085824
3.572	0.10019
3.573	0.11051
3.574	0.11369
3.575	0.10946
3.576	0.10035
3.577	0.090636
3.578	0.084499
3.579	0.084368
3.58	0.089904
3.581	0.098117
3.582	0.10457
3.583	0.10521
3.584	0.098049
3.585	0.084172
3.586	0.067497
3.587	0.053493
3.588	0.047256
3.589	0.051694
3.59	0.06647
3.591	0.088104
3.592	0.11117
3.593	0.13009
3.594	0.14093
3.595	0.14242
3.596	0.13604
3.597	0.12509
3.598	0.11322
3.599	0.10306
3.6	0.095444
3.601	0.089499
3.602	0.083522
3.603	0.076162
3.604	0.067409
3.605	0.058921
3.606	0.053541
3.607	0.054181
3.608	0.062523
3.609	0.078062
3.61	0.097909
3.611	0.11743
3.612	0.13156
3.613	0.13633
3.614	0.13008
3.615	0.11396
3.616	0.091581
3.617	0.068002
3.618	0.048325
3.619	0.036408
3.62	0.034025
3.621	0.040677
3.622	0.054024
3.623	0.0707
3.624	0.087266
3.625	0.10098
3.626	0.11021
3.627	0.11448
3.628	0.11416
3.629	0.11001
3.63	0.10278
3.631	0.092922
3.632	0.080718
3.633	0.066507
3.634	0.051144
3.635	0.036331
3.636	0.024678
3.637	0.019301
3.638	0.022995
3.639	0.037139
3.64	0.060704
3.641	0.089795
3.642	0.11806
3.643	0.13809
3.644	0.14363
3.645	0.13188
3.646	0.10533
3.647	0.072186
3.648	0.045214
3.649	0.038861
3.65	0.065527
3.651	0.13192
3.652	0.2367
3.653	0.37018
3.654	0.51634
3.655	0.65666
3.656	0.77463
3.657	0.85963
3.658	0.90904
3.659	0.92796
3.66	0.9268
3.661	0.91761
3.662	0.91034
3.663	0.91029
3.664	0.91744
3.665	0.92761
3.666	0.93499
3.667	0.93484
3.668	0.92552
3.669	0.90911
3.67	0.89053
3.671	0.87566
3.672	0.86923
3.673	0.87331
3.674	0.88675
3.675	0.90592
3.676	0.92604
3.677	0.94276
3.678	0.95336
3.679	0.95704
3.68	0.95464
3.681	0.94774
3.682	0.9379
3.683	0.92615
3.684	0.91304
3.685	0.8991
3.686	0.8853
3.687	0.87338
3.688	0.86559
3.689	0.86408
3.69	0.86999
3.691	0.88281
3.692	0.90015
3.693	0.91818
3.694	0.9326
3.695	0.93983
3.696	0.93793
3.697	0.92713
3.698	0.9096
3.699	0.88866
3.7	0.86779
3.701	0.84978
3.702	0.83622
3.703	0.82755
3.704	0.82353
3.705	0.8237
3.706	0.82783
3.707	0.83584
3.708	0.84752
3.709	0.862
3.71	0.8774
3.711	0.89094
3.712	0.89946
3.713	0.90031
3.714	0.89232
3.715	0.87638
3.716	0.85541
3.717	0.83365
3.718	0.81546
3.719	0.80409
3.72	0.80073
3.721	0.80433
3.722	0.81211
3.723	0.82062
3.724	0.82697
3.725	0.82966
3.726	0.82885
3.727	0.82592
3.728	0.82261
3.729	0.82005
3.73	0.81822
3.731	0.81589
3.732	0.81128
3.733	0.80292
3.734	0.79044
3.735	0.77501
3.736	0.75903
3.737	0.7454
3.738	0.73652
3.739	0.73344
3.74	0.73558
3.741	0.74099
3.742	0.7471
3.743	0.75165
3.744	0.75333
3.745	0.75203
3.746	0.74854
3.747	0.74401
3.748	0.7393
3.749	0.73467
3.75	0.72988
3.751	0.72457
3.752	0.71878
3.753	0.71321
3.754	0.70909
3.755	0.70769
3.756	0.70962
3.757	0.71433
3.758	0.72002
3.759	0.72409
3.76	0.72406
3.761	0.71846
3.762	0.70746
3.763	0.69283
3.764	0.67729
3.765	0.66345
3.766	0.65283
3.767	0.64531
3.768	0.63939
3.769	0.63302
3.77	0.62474
3.771	0.61459
3.772	0.60431
3.773	0.59672
3.774	0.59452
3.775	0.59892
3.776	0.60877
3.777	0.62061
3.778	0.62967
3.779	0.63159
3.78	0.62409
3.781	0.60798
3.782	0.5871
3.783	0.5671
3.784	0.55346
3.785	0.54958
3.786	0.5556
3.787	0.56834
3.788	0.58253
3.789	0.5927
3.79	0.59508
3.791	0.58883
3.792	0.57607
3.793	0.56089
3.794	0.54768
3.795	0.53945
3.796	0.53692
3.797	0.53845
3.798	0.54101
3.799	0.54154
3.8	0.53815
3.801	0.53077
3.802	0.52096
3.803	0.51098
3.804	0.50275
3.805	0.49699
3.806	0.49306
3.807	0.48934
3.808	0.4842
3.809	0.47678
3.81	0.46746
3.811	0.45768
3.812	0.44924
3.813	0.44334
3.814	0.44001
3.815	0.43791
3.816	0.43498
3.817	0.42932
3.818	0.42025
3.819	0.40877
3.82	0.39744
3.821	0.3895
3.822	0.3876
3.823	0.3927
3.824	0.40347
3.825	0.41654
3.826	0.42743
3.827	0.43192
3.828	0.42736
3.829	0.41333
3.83	0.39162
3.831	0.36552
3.832	0.33868
3.833	0.3141
3.834	0.29356
3.835	0.27761
3.836	0.26604
3.837	0.2586
3.838	0.25536
3.839	0.25681
3.84	0.26334
3.841	0.27453
3.842	0.28859
3.843	0.30224
3.844	0.31121
3.845	0.31141
3.846	0.30017
3.847	0.27728
3.848	0.24534
3.849	0.20921
3.85	0.17474
3.851	0.14718
3.852	0.12979
3.853	0.12319
3.854	0.12551
3.855	0.13336
3.856	0.14318
3.857	0.15236
3.858	0.15978
3.859	0.16564
3.86	0.17064
3.861	0.17499
3.862	0.17784
3.863	0.17721
3.864	0.17082
3.865	0.15715
3.866	0.13664
3.867	0.11206
3.868	0.088158
3.869	0.070384
3.87	0.063151
3.871	0.068334
3.872	0.084497
3.873	0.10723
3.874	0.1305
3.875	0.1485
3.876	0.15743
3.877	0.15649
3.878	0.1478
3.879	0.13529
3.88	0.12312
3.881	0.1141
3.882	0.10889
3.883	0.1061
3.884	0.10326
3.885	0.098199
3.886	0.090263
3.887	0.080762
3.888	0.072579
3.889	0.06903
3.89	0.072443
3.891	0.083045
3.892	0.098596
3.893	0.11491
3.894	0.12712
3.895	0.1312
3.896	0.12522
3.897	0.10995
3.898	0.088607
3.899	0.065884
3.9	0.046607
3.901	0.034499
3.902	0.03134
3.903	0.03679
3.904	0.048774
3.905	0.064283
3.906	0.080252
3.907	0.094278
3.908	0.105
3.909	0.11209
3.91	0.11591
3.911	0.11706
3.912	0.11595
3.913	0.11254
3.914	0.10641
3.915	0.097069
3.916	0.084476
3.917	0.069478
3.918	0.054047
3.919	0.041113
3.92	0.03393
3.921	0.035155
3.922	0.045888
3.923	0.065031
3.924	0.08927
3.925	0.11379
3.926	0.13357
3.927	0.14482
3.928	0.14617
3.929	0.13899
3.93	0.12688
3.931	0.11426
3.932	0.10483
3.933	0.10032
3.934	0.10006
3.935	0.10167
3.936	0.10245
3.937	0.10086
3.938	0.097454
3.939	0.094734
3.94	0.095885
3.941	0.10294
3.942	0.11521
3.943	0.12883
3.944	0.13787
3.945	0.13677
3.946	0.12335
3.947	0.10107
3.948	0.079486
3.949	0.072362
3.95	0.093852
3.951	0.15383
3.952	0.25404
3.953	0.38654
3.954	0.53506
3.955	0.67918
3.956	0.79981
3.957	0.88434
3.958	0.92967
3.959	0.94212
3.96	0.93444
3.961	0.92103
3.962	0.91312
3.963	0.91559
3.964	0.92647
3.965	0.93908
3.966	0.94567
3.967	0.9412
3.968	0.92562
3.969	0.90399
3.97	0.88428
3.971	0.87414
3.972	0.87774
3.973	0.89409
3.974	0.91742
3.975	0.93943
3.976	0.95237
3.977	0.95193
3.978	0.93858
3.979	0.91713
3.98	0.89466
3.981	0.87782
3.982	0.87044
3.983	0.8725
3.984	0.88063
3.985	0.88992
3.986	0.89614
3.987	0.89753
3.988	0.89533
3.989	0.89306
3.99	0.89473
3.991	0.90295
3.992	0.91752
3.993	0.93525
3.994	0.95093
3.995	0.95914
3.996	0.95619
3.997	0.94142
3.998	0.91751
3.999	0.88961
4	0.86374
4.001	0.84497
4.002	0.83613
4.003	0.83722
4.004	0.84588
4.005	0.8584
4.006	0.87102
4.007	0.88102
4.008	0.88718
4.009	0.88967
4.01	0.88951
4.011	0.88778
4.012	0.88506
4.013	0.88118
4.014	0.87543
4.015	0.86695
4.016	0.85529
4.017	0.84079
4.018	0.8247
4.019	0.80891
4.02	0.7956
4.021	0.78667
4.022	0.78328
4.023	0.78559
4.024	0.79274
4.025	0.80296
4.026	0.81398
4.027	0.8234
4.028	0.82916
4.029	0.82979
4.03	0.82474
4.031	0.81434
4.032	0.79981
4.033	0.78296
4.034	0.76594
4.035	0.75087
4.036	0.73954
4.037	0.73315
4.038	0.73221
4.039	0.73644
4.04	0.74483
4.041	0.75566
4.042	0.76674
4.043	0.77554
4.044	0.77963
4.045	0.77704
4.046	0.76677
4.047	0.74918
4.048	0.72615
4.049	0.70092
4.05	0.67752
4.051	0.65991
4.052	0.65099
4.053	0.65183
4.054	0.66136
4.055	0.67661
4.056	0.69357
4.057	0.70837
4.058	0.71829
4.059	0.72246
4.06	0.72178
4.061	0.71825
4.062	0.71387
4.063	0.70965
4.064	0.70505
4.065	0.69822
4.066	0.68689
4.067	0.66964
4.068	0.64701
4.069	0.6219
4.07	0.59905
4.071	0.58365
4.072	0.57963
4.073	0.58809
4.074	0.60662
4.075	0.62984
4.076	0.65084
4.077	0.66329
4.078	0.66336
4.079	0.65072
4.08	0.62845
4.081	0.60179
4.082	0.57629
4.083	0.55607
4.084	0.54279
4.085	0.53569
4.086	0.53259
4.087	0.53125
4.088	0.53071
4.089	0.53174
4.09	0.53648
4.091	0.54734
4.092	0.56566
4.093	0.5908
4.094	0.62001
