0	0.080749
0.001	0.088503
0.002	0.093587
0.003	0.093269
0.004	0.086931
0.005	0.076252
0.006	0.064586
0.007	0.0557
0.008	0.052317
0.009	0.05496
0.01	0.061545
0.011	0.067936
0.012	0.069392
0.013	0.062482
0.014	0.046871
0.015	0.026335
0.016	0.0085717
0.017	0.0036953
0.018	0.021753
0.019	0.069927
0.02	0.15024
0.021	0.25854
0.022	0.38504
0.023	0.51647
0.024	0.63912
0.025	0.74202
0.026	0.81918
0.027	0.87046
0.028	0.90068
0.029	0.91741
0.03	0.92823
0.031	0.93836
0.032	0.94928
0.033	0.95901
0.034	0.96347
0.035	0.95874
0.036	0.94302
0.037	0.91782
0.038	0.88784
0.039	0.85965
0.04	0.83962
0.041	0.83186
0.042	0.83698
0.043	0.85183
0.044	0.8706
0.045	0.88657
0.046	0.89408
0.047	0.88997
0.048	0.87412
0.049	0.84903
0.05	0.81864
0.051	0.78696
0.052	0.75691
0.053	0.72985
0.054	0.70576
0.055	0.68389
0.056	0.66351
0.057	0.64452
0.058	0.62747
0.059	0.61323
0.06	0.6024
0.061	0.59478
0.062	0.58914
0.063	0.58352
0.064	0.57575
0.065	0.56422
0.066	0.54843
0.067	0.52912
0.068	0.50804
0.069	0.48729
0.07	0.46864
0.071	0.45294
0.072	0.43997
0.073	0.42867
0.074	0.4176
0.075	0.40561
0.076	0.39226
0.077	0.37795
0.078	0.36375
0.079	0.35099
0.08	0.34067
0.081	0.33311
0.082	0.32779
0.083	0.32342
0.084	0.31829
0.085	0.31071
0.086	0.29944
0.087	0.28401
0.088	0.26488
0.089	0.2434
0.09	0.22168
0.091	0.20222
0.092	0.18761
0.093	0.18005
0.094	0.18094
0.095	0.19066
0.096	0.20841
0.097	0.23236
0.098	0.26008
0.099	0.28899
0.1	0.31701
0.101	0.34295
0.102	0.36669
0.103	0.38902
0.104	0.41124
0.105	0.43461
0.106	0.45987
0.107	0.48692
0.108	0.51483
0.109	0.54209
0.11	0.56702
0.111	0.58809
0.112	0.60426
0.113	0.61499
0.114	0.62019
0.115	0.62011
0.116	0.61515
0.117	0.6059
0.118	0.59313
0.119	0.57785
0.12	0.56126
0.121	0.54463
0.122	0.52905
0.123	0.51523
0.124	0.50341
0.125	0.49342
0.126	0.48497
0.127	0.47792
0.128	0.4725
0.129	0.46929
0.13	0.46884
0.131	0.47122
0.132	0.47555
0.133	0.47981
0.134	0.48116
0.135	0.47667
0.136	0.46431
0.137	0.44386
0.138	0.41724
0.139	0.38819
0.14	0.36129
0.141	0.3405
0.142	0.32788
0.143	0.32292
0.144	0.32267
0.145	0.32282
0.146	0.31927
0.147	0.30956
0.148	0.29375
0.149	0.27426
0.15	0.2548
0.151	0.23884
0.152	0.22819
0.153	0.22222
0.154	0.21827
0.155	0.21282
0.156	0.20317
0.157	0.18878
0.158	0.17172
0.159	0.15603
0.16	0.14603
0.161	0.14445
0.162	0.15097
0.163	0.16195
0.164	0.17143
0.165	0.17322
0.166	0.16319
0.167	0.14097
0.168	0.1102
0.169	0.077442
0.17	0.049766
0.171	0.032289
0.172	0.026388
0.173	0.02946
0.174	0.036348
0.175	0.041949
0.176	0.043981
0.177	0.044801
0.178	0.051452
0.179	0.073758
0.18	0.12103
0.181	0.19851
0.182	0.30479
0.183	0.43131
0.184	0.56403
0.185	0.68699
0.186	0.78653
0.187	0.85482
0.188	0.89155
0.189	0.90338
0.19	0.90125
0.191	0.89665
0.192	0.89807
0.193	0.90877
0.194	0.9265
0.195	0.94513
0.196	0.95744
0.197	0.95807
0.198	0.94551
0.199	0.92255
0.2	0.89515
0.201	0.87025
0.202	0.85327
0.203	0.84638
0.204	0.84796
0.205	0.85341
0.206	0.85695
0.207	0.85372
0.208	0.84138
0.209	0.82075
0.21	0.79532
0.211	0.76987
0.212	0.74871
0.213	0.73427
0.214	0.72642
0.215	0.7227
0.216	0.71937
0.217	0.71276
0.218	0.70061
0.219	0.68265
0.22	0.66062
0.221	0.63752
0.222	0.61645
0.223	0.59965
0.224	0.58778
0.225	0.57989
0.226	0.57394
0.227	0.56763
0.228	0.55924
0.229	0.54817
0.23	0.53495
0.231	0.52088
0.232	0.50728
0.233	0.49486
0.234	0.48331
0.235	0.47141
0.236	0.45745
0.237	0.44004
0.238	0.41874
0.239	0.39448
0.24	0.36943
0.241	0.34646
0.242	0.32828
0.243	0.31658
0.244	0.31144
0.245	0.31125
0.246	0.31314
0.247	0.31378
0.248	0.31031
0.249	0.30115
0.25	0.28641
0.251	0.26778
0.252	0.24809
0.253	0.23057
0.254	0.21808
0.255	0.21261
0.256	0.21502
0.257	0.22515
0.258	0.24208
0.259	0.26459
0.26	0.29144
0.261	0.3216
0.262	0.35432
0.263	0.38897
0.264	0.42497
0.265	0.46164
0.266	0.49814
0.267	0.53349
0.268	0.56665
0.269	0.5966
0.27	0.62248
0.271	0.64363
0.272	0.65963
0.273	0.67031
0.274	0.67576
0.275	0.67624
0.276	0.67217
0.277	0.66408
0.278	0.65261
0.279	0.63847
0.28	0.62247
0.281	0.6055
0.282	0.58854
0.283	0.57254
0.284	0.55832
0.285	0.54643
0.286	0.53696
0.287	0.52951
0.288	0.52317
0.289	0.51674
0.29	0.50897
0.291	0.49887
0.292	0.48604
0.293	0.47076
0.294	0.45402
0.295	0.43729
0.296	0.42214
0.297	0.40995
0.298	0.40144
0.299	0.39658
0.3	0.39445
0.301	0.39345
0.302	0.39154
0.303	0.38664
0.304	0.37707
0.305	0.36192
0.306	0.34139
0.307	0.31683
0.308	0.2907
0.309	0.2661
0.31	0.24615
0.311	0.23328
0.312	0.22854
0.313	0.23117
0.314	0.2387
0.315	0.24744
0.316	0.25346
0.317	0.25365
0.318	0.24664
0.319	0.23319
0.32	0.21595
0.321	0.19858
0.322	0.18447
0.323	0.17564
0.324	0.17197
0.325	0.1713
0.326	0.17021
0.327	0.16531
0.328	0.15451
0.329	0.13784
0.33	0.11747
0.331	0.096871
0.332	0.079555
0.333	0.067786
0.334	0.061888
0.335	0.060463
0.336	0.0615
0.337	0.063979
0.338	0.069293
0.339	0.081852
0.34	0.10843
0.341	0.1563
0.342	0.2307
0.343	0.33238
0.344	0.45628
0.345	0.59168
0.346	0.72432
0.347	0.83953
0.348	0.92588
0.349	0.97797
0.35	0.99758
0.351	0.99284
0.352	0.97566
0.353	0.95816
0.354	0.94934
0.355	0.95288
0.356	0.96671
0.357	0.98441
0.358	0.99783
0.359	1
0.36	0.98746
0.361	0.9612
0.362	0.92609
0.363	0.88917
0.364	0.85731
0.365	0.83521
0.366	0.82428
0.367	0.82263
0.368	0.82613
0.369	0.82996
0.37	0.83012
0.371	0.82443
0.372	0.81273
0.373	0.79643
0.374	0.77765
0.375	0.75836
0.376	0.73982
0.377	0.72249
0.378	0.70629
0.379	0.69096
0.38	0.67639
0.381	0.66266
0.382	0.64987
0.383	0.63784
0.384	0.62595
0.385	0.61321
0.386	0.59854
0.387	0.58126
0.388	0.56151
0.389	0.54036
0.39	0.51958
0.391	0.50102
0.392	0.48602
0.393	0.47478
0.394	0.46633
0.395	0.45878
0.396	0.45008
0.397	0.43874
0.398	0.42449
0.399	0.40831
0.4	0.39213
0.401	0.37806
0.402	0.3675
0.403	0.36064
0.404	0.35631
0.405	0.35239
0.406	0.3466
0.407	0.33733
0.408	0.32419
0.409	0.30811
0.41	0.29095
0.411	0.27479
0.412	0.26123
0.413	0.25096
0.414	0.24376
0.415	0.23899
0.416	0.23621
0.417	0.23577
0.418	0.239
0.419	0.24797
0.42	0.26475
0.421	0.2906
0.422	0.32526
0.423	0.36673
0.424	0.41157
0.425	0.45576
0.426	0.49566
0.427	0.52897
0.428	0.55515
0.429	0.5753
0.43	0.59155
0.431	0.60613
0.432	0.6205
0.433	0.63485
0.434	0.6481
0.435	0.65838
0.436	0.66387
0.437	0.66355
0.438	0.6577
0.439	0.64789
0.44	0.63648
0.441	0.62577
0.442	0.6172
0.443	0.61074
0.444	0.60491
0.445	0.59723
0.446	0.58519
0.447	0.56724
0.448	0.54352
0.449	0.51612
0.45	0.48856
0.451	0.4648
0.452	0.44804
0.453	0.43965
0.454	0.43873
0.455	0.44242
0.456	0.44684
0.457	0.44841
0.458	0.44506
0.459	0.43685
0.46	0.42573
0.461	0.4146
0.462	0.40594
0.463	0.40058
0.464	0.3971
0.465	0.39228
0.466	0.38226
0.467	0.36428
0.468	0.33808
0.469	0.30657
0.47	0.27519
0.471	0.25031
0.472	0.23696
0.473	0.23692
0.474	0.24775
0.475	0.26328
0.476	0.27553
0.477	0.27732
0.478	0.26472
0.479	0.23853
0.48	0.20407
0.481	0.16937
0.482	0.14248
0.483	0.12869
0.484	0.12879
0.485	0.1389
0.486	0.15193
0.487	0.16018
0.488	0.15795
0.489	0.14338
0.49	0.11881
0.491	0.089578
0.492	0.061882
0.493	0.04059
0.494	0.027806
0.495	0.022799
0.496	0.023216
0.497	0.027018
0.498	0.034263
0.499	0.047923
0.5	0.073321
0.501	0.11633
0.502	0.181
0.503	0.26752
0.504	0.37135
0.505	0.48386
0.506	0.59433
0.507	0.6927
0.508	0.77197
0.509	0.82962
0.51	0.86759
0.511	0.89087
0.512	0.90537
0.513	0.9159
0.514	0.92486
0.515	0.93212
0.516	0.93593
0.517	0.93435
0.518	0.92665
0.519	0.91402
0.52	0.89931
0.521	0.88611
0.522	0.87738
0.523	0.8743
0.524	0.8758
0.525	0.87884
0.526	0.87942
0.527	0.87388
0.528	0.86007
0.529	0.83796
0.53	0.80964
0.531	0.7787
0.532	0.74923
0.533	0.72487
0.534	0.70804
0.535	0.69954
0.536	0.69856
0.537	0.70291
0.538	0.70954
0.539	0.71501
0.54	0.71609
0.541	0.71036
0.542	0.69666
0.543	0.67546
0.544	0.64889
0.545	0.62038
0.546	0.59393
0.547	0.57315
0.548	0.56019
0.549	0.55514
0.55	0.55587
0.551	0.55863
0.552	0.55913
0.553	0.55386
0.554	0.5412
0.555	0.52189
0.556	0.49874
0.557	0.47561
0.558	0.45596
0.559	0.44163
0.56	0.43217
0.561	0.42501
0.562	0.41645
0.563	0.40312
0.564	0.38339
0.565	0.35806
0.566	0.33031
0.567	0.30461
0.568	0.2852
0.569	0.27456
0.57	0.27251
0.571	0.27621
0.572	0.28118
0.573	0.28296
0.574	0.27869
0.575	0.26826
0.576	0.2544
0.577	0.24185
0.578	0.23577
0.579	0.24009
0.58	0.25629
0.581	0.28311
0.582	0.3172
0.583	0.35438
0.584	0.39112
0.585	0.4255
0.586	0.45749
0.587	0.48834
0.588	0.51947
0.589	0.55137
0.59	0.58289
0.591	0.61141
0.592	0.63366
0.593	0.64696
0.594	0.65037
0.595	0.64521
0.596	0.6348
0.597	0.62342
0.598	0.61494
0.599	0.61155
0.6	0.61318
0.601	0.61769
0.602	0.62183
0.603	0.62249
0.604	0.61789
0.605	0.60811
0.606	0.59496
0.607	0.58118
0.608	0.56933
0.609	0.56088
0.61	0.5557
0.611	0.55224
0.612	0.54815
0.613	0.54114
0.614	0.52973
0.615	0.51365
0.616	0.49379
0.617	0.47183
0.618	0.44976
0.619	0.4294
0.62	0.41213
0.621	0.39876
0.622	0.38952
0.623	0.38404
0.624	0.38136
0.625	0.37993
0.626	0.37781
0.627	0.37302
0.628	0.36406
0.629	0.35038
0.63	0.33275
0.631	0.3131
0.632	0.29397
0.633	0.27765
0.634	0.26532
0.635	0.25654
0.636	0.24938
0.637	0.24118
0.638	0.22964
0.639	0.21393
0.64	0.1952
0.641	0.17631
0.642	0.1608
0.643	0.15144
0.644	0.14904
0.645	0.15196
0.646	0.15656
0.647	0.15864
0.648	0.15507
0.649	0.14515
0.65	0.13093
0.651	0.1164
0.652	0.10574
0.653	0.10143
0.654	0.10297
0.655	0.10686
0.656	0.10803
0.657	0.10232
0.658	0.088884
0.659	0.071754
0.66	0.059619
0.661	0.063762
0.662	0.094696
0.663	0.1586
0.664	0.25481
0.665	0.37527
0.666	0.50628
0.667	0.63196
0.668	0.73836
0.669	0.81688
0.67	0.86595
0.671	0.89049
0.672	0.89949
0.673	0.90268
0.674	0.9074
0.675	0.9168
0.676	0.92968
0.677	0.9419
0.678	0.94872
0.679	0.94691
0.68	0.93607
0.681	0.91864
0.682	0.89878
0.683	0.88077
0.684	0.86743
0.685	0.85936
0.686	0.85507
0.687	0.85189
0.688	0.84722
0.689	0.83951
0.69	0.82871
0.691	0.81599
0.692	0.80308
0.693	0.79133
0.694	0.78126
0.695	0.77238
0.696	0.76354
0.697	0.75354
0.698	0.74155
0.699	0.72732
0.7	0.71106
0.701	0.69307
0.702	0.67341
0.703	0.65186
0.704	0.62814
0.705	0.60249
0.706	0.57602
0.707	0.55099
0.708	0.53036
0.709	0.51708
0.71	0.51301
0.711	0.51806
0.712	0.52987
0.713	0.54411
0.714	0.55557
0.715	0.55955
0.716	0.5531
0.717	0.53588
0.718	0.51006
0.719	0.47961
0.72	0.44895
0.721	0.42168
0.722	0.39967
0.723	0.38281
0.724	0.36946
0.725	0.35745
0.726	0.34497
0.727	0.33135
0.728	0.31714
0.729	0.30368
0.73	0.29239
0.731	0.28399
0.732	0.27814
0.733	0.27352
0.734	0.26846
0.735	0.26171
0.736	0.25315
0.737	0.24409
0.738	0.23703
0.739	0.23492
0.74	0.2403
0.741	0.2545
0.742	0.27726
0.743	0.30696
0.744	0.34115
0.745	0.37734
0.746	0.41371
0.747	0.44931
0.748	0.484
0.749	0.51789
0.75	0.55081
0.751	0.58186
0.752	0.60941
0.753	0.63143
0.754	0.6461
0.755	0.65241
0.756	0.65059
0.757	0.64209
0.758	0.62922
0.759	0.61457
0.76	0.60039
0.761	0.5882
0.762	0.57867
0.763	0.57179
0.764	0.56715
0.765	0.56424
0.766	0.56253
0.767	0.56141
0.768	0.56006
0.769	0.55735
0.77	0.55189
0.771	0.54238
0.772	0.528
0.773	0.50882
0.774	0.48602
0.775	0.46176
0.776	0.43867
0.777	0.41928
0.778	0.40532
0.779	0.39734
0.78	0.39466
0.781	0.39564
0.782	0.39818
0.783	0.40024
0.784	0.40019
0.785	0.39701
0.786	0.39022
0.787	0.37974
0.788	0.36582
0.789	0.34902
0.79	0.33029
0.791	0.31098
0.792	0.29276
0.793	0.27731
0.794	0.2659
0.795	0.25891
0.796	0.25564
0.797	0.25437
0.798	0.25283
0.799	0.24894
0.8	0.24146
0.801	0.23041
0.802	0.21704
0.803	0.20329
0.804	0.19102
0.805	0.18129
0.806	0.17396
0.807	0.16778
0.808	0.16098
0.809	0.15199
0.81	0.14012
0.811	0.12579
0.812	0.11026
0.813	0.09503
0.814	0.081118
0.815	0.068728
0.816	0.057417
0.817	0.046821
0.818	0.037628
0.819	0.032378
0.82	0.035618
0.821	0.05321
0.822	0.090859
0.823	0.15229
0.824	0.23769
0.825	0.34294
0.826	0.46007
0.827	0.57878
0.828	0.68861
0.829	0.78121
0.83	0.8519
0.831	0.90016
0.832	0.92908
0.833	0.94385
0.834	0.95012
0.835	0.95251
0.836	0.95385
0.837	0.95519
0.838	0.95634
0.839	0.95665
0.84	0.95559
0.841	0.95305
0.842	0.94916
0.843	0.94406
0.844	0.9376
0.845	0.92939
0.846	0.91907
0.847	0.90667
0.848	0.89294
0.849	0.87928
0.85	0.8673
0.851	0.85819
0.852	0.85204
0.853	0.84757
0.854	0.84227
0.855	0.83324
0.856	0.81812
0.857	0.7961
0.858	0.76836
0.859	0.73788
0.86	0.70863
0.861	0.68436
0.862	0.66743
0.863	0.65817
0.864	0.65485
0.865	0.65438
0.866	0.65336
0.867	0.64919
0.868	0.64074
0.869	0.62843
0.87	0.61377
0.871	0.59854
0.872	0.58397
0.873	0.57029
0.874	0.55676
0.875	0.54213
0.876	0.52537
0.877	0.50617
0.878	0.4852
0.879	0.46387
0.88	0.44382
0.881	0.42618
0.882	0.41125
0.883	0.39835
0.884	0.38624
0.885	0.37371
0.886	0.36015
0.887	0.34589
0.888	0.33208
0.889	0.32014
0.89	0.31112
0.891	0.30509
0.892	0.30103
0.893	0.29708
0.894	0.2913
0.895	0.28248
0.896	0.27085
0.897	0.25819
0.898	0.24748
0.899	0.24202
0.9	0.24447
0.901	0.25604
0.902	0.27624
0.903	0.30316
0.904	0.33427
0.905	0.3673
0.906	0.40097
0.907	0.43512
0.908	0.47038
0.909	0.50741
0.91	0.54606
0.911	0.58489
0.912	0.6212
0.913	0.65172
0.914	0.67361
0.915	0.68549
0.916	0.68794
0.917	0.68346
0.918	0.67565
0.919	0.66797
0.92	0.66266
0.921	0.65996
0.922	0.65825
0.923	0.65484
0.924	0.64721
0.925	0.63425
0.926	0.61693
0.927	0.59814
0.928	0.58174
0.929	0.5711
0.93	0.56773
0.931	0.57048
0.932	0.57565
0.933	0.57807
0.934	0.57277
0.935	0.5567
0.936	0.52983
0.937	0.49538
0.938	0.45893
0.939	0.42675
0.94	0.40393
0.941	0.39286
0.942	0.39256
0.943	0.3991
0.944	0.40684
0.945	0.41018
0.946	0.40517
0.947	0.39058
0.948	0.36801
0.949	0.34127
0.95	0.31506
0.951	0.29364
0.952	0.27965
0.953	0.27355
0.954	0.27378
0.955	0.27739
0.956	0.28107
0.957	0.28203
0.958	0.27877
0.959	0.27126
0.96	0.26071
0.961	0.24901
0.962	0.23797
0.963	0.22867
0.964	0.22107
0.965	0.21405
0.966	0.20585
0.967	0.19477
0.968	0.17992
0.969	0.16182
0.97	0.14243
0.971	0.12473
0.972	0.11178
0.973	0.10554
0.974	0.10596
0.975	0.11059
0.976	0.11505
0.977	0.11438
0.978	0.10485
0.979	0.08578
0.98	0.060711
0.981	0.03731
0.982	0.025993
0.983	0.037429
0.984	0.079604
0.985	0.15533
0.986	0.26095
0.987	0.3868
0.988	0.51924
0.989	0.64382
0.99	0.74856
0.991	0.82647
0.992	0.87658
0.993	0.90318
0.994	0.91377
0.995	0.91639
0.996	0.91726
0.997	0.91939
0.998	0.92266
0.999	0.92499
1	0.92403
1.001	0.91877
1.002	0.91028
1.003	0.90139
1.004	0.89546
1.005	0.89491
1.006	0.89991
1.007	0.90806
1.008	0.915
1.009	0.9159
1.01	0.90718
1.011	0.88788
1.012	0.86015
1.013	0.82864
1.014	0.79911
1.015	0.77659
1.016	0.76392
1.017	0.76093
1.018	0.76473
1.019	0.77069
1.02	0.77399
1.021	0.77096
1.022	0.75998
1.023	0.74155
1.024	0.71779
1.025	0.69151
1.026	0.66525
1.027	0.64075
1.028	0.61875
1.029	0.59928
1.03	0.58216
1.031	0.56732
1.032	0.55502
1.033	0.54563
1.034	0.53935
1.035	0.5358
1.036	0.53389
1.037	0.53195
1.038	0.5281
1.039	0.52077
1.04	0.50917
1.041	0.4934
1.042	0.47443
1.043	0.45362
1.044	0.43233
1.045	0.41154
1.046	0.39162
1.047	0.37249
1.048	0.35388
1.049	0.33562
1.05	0.31786
1.051	0.30102
1.052	0.28565
1.053	0.27211
1.054	0.2604
1.055	0.25017
1.056	0.24092
1.057	0.2324
1.058	0.22503
1.059	0.22003
1.06	0.21931
1.061	0.22504
1.062	0.23894
1.063	0.26163
1.064	0.29223
1.065	0.32839
1.066	0.36677
1.067	0.40383
1.068	0.43676
1.069	0.46419
1.07	0.48646
1.071	0.50541
1.072	0.52361
1.073	0.54352
1.074	0.56659
1.075	0.59275
1.076	0.62034
1.077	0.64658
1.078	0.66836
1.079	0.68308
1.08	0.68936
1.081	0.68734
1.082	0.67852
1.083	0.66524
1.084	0.65001
1.085	0.63479
1.086	0.62059
1.087	0.60738
1.088	0.59439
1.089	0.58058
1.09	0.56519
1.091	0.5481
1.092	0.52993
1.093	0.51184
1.094	0.49503
1.095	0.48033
1.096	0.46777
1.097	0.4566
1.098	0.44552
1.099	0.4332
1.1	0.41889
1.101	0.40276
1.102	0.38603
1.103	0.37056
1.104	0.35824
1.105	0.35024
1.106	0.34645
1.107	0.34541
1.108	0.34469
1.109	0.3417
1.11	0.33463
1.111	0.32314
1.112	0.30856
1.113	0.29343
1.114	0.28059
1.115	0.27199
1.116	0.2679
1.117	0.26666
1.118	0.26521
1.119	0.26026
1.12	0.24961
1.121	0.23321
1.122	0.21334
1.123	0.19405
1.124	0.1797
1.125	0.17332
1.126	0.17542
1.127	0.18359
1.128	0.19329
1.129	0.19937
1.13	0.19802
1.131	0.18814
1.132	0.17181
1.133	0.15338
1.134	0.13774
1.135	0.12825
1.136	0.12523
1.137	0.12566
1.138	0.12437
1.139	0.11631
1.14	0.099187
1.141	0.075359
1.142	0.052283
1.143	0.041108
1.144	0.053749
1.145	0.099318
1.146	0.18106
1.147	0.29483
1.148	0.42961
1.149	0.57007
1.15	0.70023
1.151	0.80724
1.152	0.88411
1.153	0.93062
1.154	0.95224
1.155	0.95776
1.156	0.95619
1.157	0.95431
1.158	0.95524
1.159	0.95863
1.16	0.96188
1.161	0.96196
1.162	0.95707
1.163	0.94742
1.164	0.93502
1.165	0.92279
1.166	0.91316
1.167	0.9071
1.168	0.90375
1.169	0.90078
1.17	0.89544
1.171	0.88568
1.172	0.87103
1.173	0.85281
1.174	0.83365
1.175	0.81653
1.176	0.80369
1.177	0.79581
1.178	0.79182
1.179	0.78923
1.18	0.78503
1.181	0.77669
1.182	0.7629
1.183	0.74396
1.184	0.72154
1.185	0.69808
1.186	0.67603
1.187	0.6571
1.188	0.64197
1.189	0.63021
1.19	0.62067
1.191	0.61193
1.192	0.60275
1.193	0.59237
1.194	0.58053
1.195	0.56739
1.196	0.55327
1.197	0.53847
1.198	0.52319
1.199	0.50756
1.2	0.49169
1.201	0.47577
1.202	0.46003
1.203	0.44472
1.204	0.4299
1.205	0.41541
1.206	0.40083
1.207	0.38563
1.208	0.36936
1.209	0.35192
1.21	0.33368
1.211	0.31549
1.212	0.29841
1.213	0.28344
1.214	0.27116
1.215	0.2615
1.216	0.25381
1.217	0.24715
1.218	0.24072
1.219	0.23433
1.22	0.22867
1.221	0.22537
1.222	0.22658
1.223	0.23444
1.224	0.25038
1.225	0.2747
1.226	0.30628
1.227	0.34287
1.228	0.38153
1.229	0.41938
1.23	0.45418
1.231	0.48472
1.232	0.51089
1.233	0.53339
1.234	0.55329
1.235	0.57158
1.236	0.58881
1.237	0.60506
1.238	0.62004
1.239	0.63336
1.24	0.64474
1.241	0.65416
1.242	0.66175
1.243	0.66762
1.244	0.67161
1.245	0.67316
1.246	0.6714
1.247	0.66539
1.248	0.65445
1.249	0.63859
1.25	0.61864
1.251	0.59622
1.252	0.57339
1.253	0.55221
1.254	0.5342
1.255	0.51999
1.256	0.50918
1.257	0.50058
1.258	0.49256
1.259	0.48358
1.26	0.47263
1.261	0.45947
1.262	0.44464
1.263	0.42926
1.264	0.41467
1.265	0.40201
1.266	0.39201
1.267	0.38473
1.268	0.37966
1.269	0.37581
1.27	0.37194
1.271	0.36682
1.272	0.35943
1.273	0.34914
1.274	0.33582
1.275	0.31989
1.276	0.30228
1.277	0.2843
1.278	0.26742
1.279	0.25299
1.28	0.24196
1.281	0.23463
1.282	0.23052
1.283	0.22846
1.284	0.22683
1.285	0.22392
1.286	0.21839
1.287	0.20958
1.288	0.19774
1.289	0.18389
1.29	0.16958
1.291	0.15643
1.292	0.1457
1.293	0.13789
1.294	0.13263
1.295	0.12879
1.296	0.12483
1.297	0.11925
1.298	0.11112
1.299	0.10048
1.3	0.088562
1.301	0.077809
1.302	0.071673
1.303	0.074217
1.304	0.089579
1.305	0.12136
1.306	0.17199
1.307	0.24212
1.308	0.33024
1.309	0.43241
1.31	0.54252
1.311	0.65287
1.312	0.75514
1.313	0.84177
1.314	0.90723
1.315	0.94912
1.316	0.96872
1.317	0.97067
1.318	0.96192
1.319	0.95009
1.32	0.94156
1.321	0.93991
1.322	0.94513
1.323	0.95379
1.324	0.96033
1.325	0.95898
1.326	0.94578
1.327	0.92014
1.328	0.88528
1.329	0.84751
1.33	0.81448
1.331	0.79282
1.332	0.78612
1.333	0.79377
1.334	0.811
1.335	0.83035
1.336	0.84388
1.337	0.84552
1.338	0.83287
1.339	0.80769
1.34	0.77523
1.341	0.74233
1.342	0.71523
1.343	0.69765
1.344	0.68977
1.345	0.68851
1.346	0.68874
1.347	0.68516
1.348	0.67402
1.349	0.65424
1.35	0.62748
1.351	0.59738
1.352	0.56817
1.353	0.54335
1.354	0.52469
1.355	0.51207
1.356	0.50385
1.357	0.49777
1.358	0.49178
1.359	0.48465
1.36	0.47601
1.361	0.46615
1.362	0.45549
1.363	0.44419
1.364	0.43206
1.365	0.4187
1.366	0.40388
1.367	0.38781
1.368	0.37125
1.369	0.35527
1.37	0.34088
1.371	0.32857
1.372	0.31804
1.373	0.30833
1.374	0.29821
1.375	0.28667
1.376	0.27346
1.377	0.25923
1.378	0.24539
1.379	0.23371
1.38	0.22577
1.381	0.22266
1.382	0.22491
1.383	0.23267
1.384	0.2461
1.385	0.26552
1.386	0.29136
1.387	0.32375
1.388	0.36191
1.389	0.40376
1.39	0.44586
1.391	0.48399
1.392	0.51424
1.393	0.53426
1.394	0.54419
1.395	0.54692
1.396	0.54733
1.397	0.55081
1.398	0.56143
1.399	0.58043
1.4	0.6056
1.401	0.63182
1.402	0.65273
1.403	0.66283
1.404	0.65943
1.405	0.64364
1.406	0.62007
1.407	0.59533
1.408	0.57577
1.409	0.56535
1.41	0.56442
1.411	0.56965
1.412	0.57539
1.413	0.57573
1.414	0.5666
1.415	0.54712
1.416	0.51986
1.417	0.48971
1.418	0.46216
1.419	0.44134
1.42	0.42877
1.421	0.42315
1.422	0.42115
1.423	0.4189
1.424	0.41355
1.425	0.40422
1.426	0.39213
1.427	0.37975
1.428	0.36958
1.429	0.36295
1.43	0.35938
1.431	0.35683
1.432	0.35255
1.433	0.34428
1.434	0.33126
1.435	0.31451
1.436	0.29641
1.437	0.27969
1.438	0.26625
1.439	0.25648
1.44	0.24918
1.441	0.24226
1.442	0.23385
1.443	0.22334
1.444	0.21182
1.445	0.20169
1.446	0.19557
1.447	0.19488
1.448	0.19886
1.449	0.20437
1.45	0.20674
1.451	0.20148
1.452	0.18613
1.453	0.16156
1.454	0.13211
1.455	0.10432
1.456	0.08477
1.457	0.077551
1.458	0.0826
1.459	0.09544
1.46	0.10867
1.461	0.11475
1.462	0.10921
1.463	0.093053
1.464	0.0734
1.465	0.062059
1.466	0.072242
1.467	0.1145
1.468	0.19319
1.469	0.3046
1.47	0.43753
1.471	0.576
1.472	0.70343
1.473	0.80675
1.474	0.87942
1.475	0.92219
1.476	0.94181
1.477	0.94797
1.478	0.9499
1.479	0.95355
1.48	0.96034
1.481	0.96776
1.482	0.97123
1.483	0.96663
1.484	0.95225
1.485	0.92971
1.486	0.90336
1.487	0.87878
1.488	0.86072
1.489	0.85161
1.49	0.85091
1.491	0.85557
1.492	0.86131
1.493	0.8642
1.494	0.86184
1.495	0.85384
1.496	0.84146
1.497	0.8268
1.498	0.81172
1.499	0.79722
1.5	0.78325
1.501	0.76909
1.502	0.75392
1.503	0.73738
1.504	0.71979
1.505	0.70195
1.506	0.68472
1.507	0.66859
1.508	0.65346
1.509	0.63881
1.51	0.62413
1.511	0.60933
1.512	0.59501
1.513	0.58229
1.514	0.57229
1.515	0.5655
1.516	0.56129
1.517	0.55787
1.518	0.55279
1.519	0.54376
1.52	0.52956
1.521	0.51062
1.522	0.48891
1.523	0.46729
1.524	0.44841
1.525	0.43366
1.526	0.42262
1.527	0.41319
1.528	0.40251
1.529	0.3881
1.53	0.36906
1.531	0.34654
1.532	0.32345
1.533	0.30343
1.534	0.28945
1.535	0.28271
1.536	0.28206
1.537	0.28451
1.538	0.2863
1.539	0.28447
1.54	0.27805
1.541	0.26857
1.542	0.25964
1.543	0.25576
1.544	0.2608
1.545	0.27678
1.546	0.30322
1.547	0.33748
1.548	0.37565
1.549	0.41387
1.55	0.4493
1.551	0.48072
1.552	0.5083
1.553	0.53303
1.554	0.55596
1.555	0.57764
1.556	0.59803
1.557	0.61673
1.558	0.63344
1.559	0.64826
1.56	0.66162
1.561	0.67389
1.562	0.68477
1.563	0.69293
1.564	0.69601
1.565	0.69136
1.566	0.67704
1.567	0.65299
1.568	0.62169
1.569	0.58799
1.57	0.55803
1.571	0.5375
1.572	0.52985
1.573	0.53497
1.574	0.54893
1.575	0.56498
1.576	0.57545
1.577	0.57397
1.578	0.55743
1.579	0.52684
1.58	0.48704
1.581	0.44524
1.582	0.40892
1.583	0.3838
1.584	0.37246
1.585	0.37389
1.586	0.38417
1.587	0.39778
1.588	0.40915
1.589	0.41407
1.59	0.4104
1.591	0.39824
1.592	0.3794
1.593	0.35674
1.594	0.3333
1.595	0.31167
1.596	0.29361
1.597	0.27995
1.598	0.27063
1.599	0.2649
1.6	0.26157
1.601	0.25934
1.602	0.25704
1.603	0.25382
1.604	0.24929
1.605	0.24347
1.606	0.23653
1.607	0.22862
1.608	0.2196
1.609	0.20907
1.61	0.1965
1.611	0.18165
1.612	0.16494
1.613	0.14773
1.614	0.13215
1.615	0.1206
1.616	0.11491
1.617	0.11551
1.618	0.12094
1.619	0.12794
1.62	0.1323
1.621	0.13022
1.622	0.11988
1.623	0.1026
1.624	0.083208
1.625	0.069376
1.626	0.06997
1.627	0.092882
1.628	0.14292
1.629	0.22038
1.63	0.32068
1.631	0.43528
1.632	0.5534
1.633	0.66432
1.634	0.75939
1.635	0.83349
1.636	0.88542
1.637	0.91746
1.638	0.93422
1.639	0.9412
1.64	0.94351
1.641	0.94493
1.642	0.94753
1.643	0.9517
1.644	0.95659
1.645	0.96062
1.646	0.96208
1.647	0.95957
1.648	0.95239
1.649	0.94071
1.65	0.92553
1.651	0.90853
1.652	0.89167
1.653	0.87672
1.654	0.86476
1.655	0.85586
1.656	0.84903
1.657	0.84241
1.658	0.83386
1.659	0.82164
1.66	0.80499
1.661	0.78447
1.662	0.7619
1.663	0.73982
1.664	0.72078
1.665	0.70648
1.666	0.69721
1.667	0.69171
1.668	0.6875
1.669	0.68159
1.67	0.6714
1.671	0.65551
1.672	0.63411
1.673	0.60894
1.674	0.58274
1.675	0.55847
1.676	0.53845
1.677	0.52377
1.678	0.51404
1.679	0.50763
1.68	0.50223
1.681	0.4956
1.682	0.48624
1.683	0.47371
1.684	0.45869
1.685	0.44261
1.686	0.42707
1.687	0.41329
1.688	0.40173
1.689	0.39196
1.69	0.38291
1.691	0.37334
1.692	0.3623
1.693	0.34956
1.694	0.33565
1.695	0.32168
1.696	0.30894
1.697	0.29837
1.698	0.29024
1.699	0.28408
1.7	0.27892
1.701	0.27379
1.702	0.26826
1.703	0.2628
1.704	0.25891
1.705	0.25874
1.706	0.26449
1.707	0.27774
1.708	0.29887
1.709	0.32684
1.71	0.35946
1.711	0.39402
1.712	0.428
1.713	0.45983
1.714	0.48921
1.715	0.51696
1.716	0.54453
1.717	0.57319
1.718	0.60332
1.719	0.63393
1.72	0.6627
1.721	0.68648
1.722	0.7021
1.723	0.70734
1.724	0.70158
1.725	0.68613
1.726	0.66402
1.727	0.63923
1.728	0.61579
1.729	0.59679
1.73	0.5836
1.731	0.57571
1.732	0.57091
1.733	0.5661
1.734	0.55829
1.735	0.54554
1.736	0.52765
1.737	0.50631
1.738	0.4846
1.739	0.46612
1.74	0.45374
1.741	0.44862
1.742	0.44964
1.743	0.45364
1.744	0.4562
1.745	0.45311
1.746	0.44169
1.747	0.42185
1.748	0.39616
1.749	0.36922
1.75	0.34609
1.751	0.33061
1.752	0.32405
1.753	0.32458
1.754	0.32786
1.755	0.32854
1.756	0.3222
1.757	0.30702
1.758	0.28454
1.759	0.25922
1.76	0.23691
1.761	0.22272
1.762	0.21916
1.763	0.22509
1.764	0.23606
1.765	0.24573
1.766	0.24808
1.767	0.23945
1.768	0.2197
1.769	0.19214
1.77	0.16231
1.771	0.13596
1.772	0.11719
1.773	0.10732
1.774	0.1048
1.775	0.1063
1.776	0.10815
1.777	0.10776
1.778	0.10432
1.779	0.098579
1.78	0.091968
1.781	0.085535
1.782	0.079347
1.783	0.072708
1.784	0.065159
1.785	0.057826
1.786	0.054413
1.787	0.061203
1.788	0.08583
1.789	0.13502
1.79	0.2121
1.791	0.31505
1.792	0.43613
1.793	0.56318
1.794	0.68236
1.795	0.78155
1.796	0.85328
1.797	0.89621
1.798	0.91476
1.799	0.91711
1.8	0.91226
1.801	0.90733
1.802	0.9058
1.803	0.90736
1.804	0.90913
1.805	0.90762
1.806	0.90064
1.807	0.88831
1.808	0.87303
1.809	0.85828
1.81	0.84714
1.811	0.84096
1.812	0.83888
1.813	0.83828
1.814	0.83597
1.815	0.82952
1.816	0.81821
1.817	0.80321
1.818	0.78689
1.819	0.77172
1.82	0.75912
1.821	0.74887
1.822	0.73925
1.823	0.72784
1.824	0.71261
1.825	0.69292
1.826	0.66983
1.827	0.64585
1.828	0.62398
1.829	0.60674
1.83	0.59524
1.831	0.58888
1.832	0.58566
1.833	0.58287
1.834	0.57797
1.835	0.56925
1.836	0.55615
1.837	0.53914
1.838	0.51939
1.839	0.49827
1.84	0.47712
1.841	0.45704
1.842	0.43893
1.843	0.42345
1.844	0.41097
1.845	0.40139
1.846	0.394
1.847	0.38743
1.848	0.37985
1.849	0.36949
1.85	0.35514
1.851	0.33671
1.852	0.31533
1.853	0.29314
1.854	0.27259
1.855	0.2557
1.856	0.24332
1.857	0.23495
1.858	0.22895
1.859	0.22329
1.86	0.21638
1.861	0.20778
1.862	0.19843
1.863	0.19035
1.864	0.18593
1.865	0.18708
1.866	0.19461
1.867	0.20809
1.868	0.22616
1.869	0.24727
1.87	0.27037
1.871	0.29535
1.872	0.32301
1.873	0.35448
1.874	0.39047
1.875	0.43054
1.876	0.47281
1.877	0.51416
1.878	0.55098
1.879	0.58018
1.88	0.60007
1.881	0.61082
1.882	0.61437
1.883	0.61376
1.884	0.61221
1.885	0.61214
1.886	0.61455
1.887	0.61889
1.888	0.62336
1.889	0.62559
1.89	0.6234
1.891	0.61541
1.892	0.60138
1.893	0.58223
1.894	0.55976
1.895	0.53624
1.896	0.51384
1.897	0.49425
1.898	0.47828
1.899	0.46574
1.9	0.45539
1.901	0.44529
1.902	0.4332
1.903	0.41725
1.904	0.39656
1.905	0.37167
1.906	0.34462
1.907	0.3186
1.908	0.2971
1.909	0.28287
1.91	0.27705
1.911	0.27854
1.912	0.28425
1.913	0.2898
1.914	0.29088
1.915	0.28451
1.916	0.26999
1.917	0.24913
1.918	0.22555
1.919	0.20346
1.92	0.18616
1.921	0.17495
1.922	0.16873
1.923	0.16456
1.924	0.15886
1.925	0.1489
1.926	0.1339
1.927	0.11543
1.928	0.096801
1.929	0.081751
1.93	0.072928
1.931	0.070746
1.932	0.073097
1.933	0.076072
1.934	0.07544
1.935	0.068317
1.936	0.054383
1.937	0.036138
1.938	0.018053
1.939	0.0049176
1.94	0
1.941	0.0037408
1.942	0.013537
1.943	0.024763
1.944	0.032718
1.945	0.034807
1.946	0.032139
1.947	0.029916
1.948	0.036355
1.949	0.060442
1.95	0.1092
1.951	0.18532
1.952	0.28599
1.953	0.40322
1.954	0.52554
1.955	0.64073
1.956	0.73842
1.957	0.81219
1.958	0.86036
1.959	0.88558
1.96	0.89341
1.961	0.89046
1.962	0.88276
1.963	0.87463
1.964	0.86834
1.965	0.86442
1.966	0.86232
1.967	0.86103
1.968	0.85959
1.969	0.85718
1.97	0.85317
1.971	0.84695
1.972	0.83794
1.973	0.82572
1.974	0.81026
1.975	0.79204
1.976	0.77212
1.977	0.75189
1.978	0.73273
1.979	0.71562
1.98	0.70083
1.981	0.68793
1.982	0.67598
1.983	0.66395
1.984	0.65109
1.985	0.63723
1.986	0.62274
1.987	0.60834
1.988	0.59474
1.989	0.58231
1.99	0.5709
1.991	0.56
1.992	0.54891
1.993	0.53715
1.994	0.52469
1.995	0.51194
1.996	0.49958
1.997	0.48819
1.998	0.47793
1.999	0.4683
2	0.45826
2.001	0.44655
2.002	0.43215
2.003	0.41473
2.004	0.39481
2.005	0.37369
2.006	0.35302
2.007	0.33427
2.008	0.31826
2.009	0.30493
2.01	0.29347
2.011	0.2827
2.012	0.27161
2.013	0.25981
2.014	0.24765
2.015	0.23605
2.016	0.22607
2.017	0.21833
2.018	0.21268
2.019	0.20815
2.02	0.2033
2.021	0.19685
2.022	0.18833
2.023	0.17846
2.024	0.16915
2.025	0.16303
2.026	0.16261
2.027	0.16954
2.028	0.18404
2.029	0.20489
2.03	0.2299
2.031	0.25679
2.032	0.28397
2.033	0.31115
2.034	0.3393
2.035	0.37009
2.036	0.405
2.037	0.44436
2.038	0.48676
2.039	0.52904
2.04	0.56695
2.041	0.59617
2.042	0.61357
2.043	0.61802
2.044	0.61075
2.045	0.59505
2.046	0.57538
2.047	0.55627
2.048	0.54132
2.049	0.53251
2.05	0.53001
2.051	0.53237
2.052	0.53714
2.053	0.54148
2.054	0.54279
2.055	0.53916
2.056	0.52968
2.057	0.51452
2.058	0.49491
2.059	0.47284
2.06	0.45074
2.061	0.43092
2.062	0.41503
2.063	0.40355
2.064	0.39568
2.065	0.38947
2.066	0.38243
2.067	0.37242
2.068	0.35836
2.069	0.34085
2.07	0.322
2.071	0.30492
2.072	0.2926
2.073	0.28684
2.074	0.28749
2.075	0.29235
2.076	0.29779
2.077	0.29991
2.078	0.29576
2.079	0.28437
2.08	0.26695
2.081	0.24639
2.082	0.2262
2.083	0.20923
2.084	0.19677
2.085	0.18825
2.086	0.18172
2.087	0.17481
2.088	0.16576
2.089	0.15414
2.09	0.14095
2.091	0.12805
2.092	0.11724
2.093	0.10938
2.094	0.10402
2.095	0.099563
2.096	0.094058
2.097	0.086108
2.098	0.075578
2.099	0.063692
2.1	0.052473
2.101	0.043747
2.102	0.038181
2.103	0.034833
2.104	0.031524
2.105	0.025998
2.106	0.017469
2.107	0.0079162
2.108	0.0025367
2.109	0.0089779
2.11	0.035445
2.111	0.088201
2.112	0.16926
2.113	0.2751
2.114	0.39689
2.115	0.52223
2.116	0.63808
2.117	0.73377
2.118	0.80338
2.119	0.84669
2.12	0.86849
2.121	0.87657
2.122	0.87907
2.123	0.88208
2.124	0.88822
2.125	0.89652
2.126	0.90357
2.127	0.90527
2.128	0.89871
2.129	0.88331
2.13	0.86104
2.131	0.8357
2.132	0.8116
2.133	0.79209
2.134	0.77869
2.135	0.77081
2.136	0.76626
2.137	0.76223
2.138	0.75634
2.139	0.74739
2.14	0.73555
2.141	0.72209
2.142	0.70864
2.143	0.69654
2.144	0.68632
2.145	0.67758
2.146	0.66925
2.147	0.66009
2.148	0.64916
2.149	0.63617
2.15	0.62155
2.151	0.60621
2.152	0.59126
2.153	0.57763
2.154	0.56582
2.155	0.55589
2.156	0.54746
2.157	0.5399
2.158	0.53246
2.159	0.52443
2.16	0.51518
2.161	0.50426
2.162	0.49148
2.163	0.47695
2.164	0.46118
2.165	0.44501
2.166	0.42944
2.167	0.4154
2.168	0.40338
2.169	0.39323
2.17	0.38407
2.171	0.37452
2.172	0.36305
2.173	0.34851
2.174	0.33053
2.175	0.3097
2.176	0.2874
2.177	0.26537
2.178	0.24515
2.179	0.22757
2.18	0.21257
2.181	0.19945
2.182	0.18731
2.183	0.17577
2.184	0.16541
2.185	0.15794
2.186	0.15583
2.187	0.1616
2.188	0.17695
2.189	0.20205
2.19	0.23529
2.191	0.27361
2.192	0.31331
2.193	0.35105
2.194	0.38476
2.195	0.41408
2.196	0.44022
2.197	0.46525
2.198	0.49119
2.199	0.51904
2.2	0.54838
2.201	0.57734
2.202	0.60325
2.203	0.62348
2.204	0.63633
2.205	0.64152
2.206	0.64023
2.207	0.63464
2.208	0.62717
2.209	0.61972
2.21	0.6132
2.211	0.6074
2.212	0.60135
2.213	0.59381
2.214	0.58392
2.215	0.57149
2.216	0.55715
2.217	0.542
2.218	0.52728
2.219	0.51386
2.22	0.50203
2.221	0.49145
2.222	0.4814
2.223	0.47112
2.224	0.46013
2.225	0.44848
2.226	0.43674
2.227	0.42586
2.228	0.41681
2.229	0.41031
2.23	0.40656
2.231	0.40511
2.232	0.40486
2.233	0.40428
2.234	0.40163
2.235	0.39535
2.236	0.38437
2.237	0.36838
2.238	0.34794
2.239	0.32441
2.24	0.29972
2.241	0.27591
2.242	0.25469
2.243	0.23703
2.244	0.22304
2.245	0.21204
2.246	0.20294
2.247	0.19471
2.248	0.18681
2.249	0.17939
2.25	0.17313
2.251	0.16881
2.252	0.16673
2.253	0.16631
2.254	0.166
2.255	0.16358
2.256	0.15697
2.257	0.14498
2.258	0.12799
2.259	0.10796
2.26	0.087951
2.261	0.071065
2.262	0.059328
2.263	0.052899
2.264	0.050015
2.265	0.0478
2.266	0.043733
2.267	0.037263
2.268	0.030952
2.269	0.030595
2.27	0.044113
2.271	0.079428
2.272	0.14193
2.273	0.23238
2.274	0.34593
2.275	0.47278
2.276	0.60026
2.277	0.71574
2.278	0.8096
2.279	0.87719
2.28	0.91934
2.281	0.94128
2.282	0.95035
2.283	0.9535
2.284	0.95521
2.285	0.95669
2.286	0.95639
2.287	0.95156
2.288	0.94011
2.289	0.92209
2.29	0.90013
2.291	0.87871
2.292	0.8626
2.293	0.85508
2.294	0.85657
2.295	0.86438
2.296	0.8735
2.297	0.87822
2.298	0.87404
2.299	0.85902
2.3	0.83436
2.301	0.80372
2.302	0.77192
2.303	0.74324
2.304	0.72018
2.305	0.70289
2.306	0.68956
2.307	0.67751
2.308	0.66441
2.309	0.6493
2.31	0.63289
2.311	0.61717
2.312	0.60451
2.313	0.59656
2.314	0.59352
2.315	0.59396
2.316	0.59525
2.317	0.59441
2.318	0.58901
2.319	0.57789
2.32	0.56126
2.321	0.54048
2.322	0.51738
2.323	0.4937
2.324	0.47067
2.325	0.44891
2.326	0.42866
2.327	0.41012
2.328	0.39372
2.329	0.38009
2.33	0.36982
2.331	0.36309
2.332	0.35935
2.333	0.3572
2.334	0.35471
2.335	0.34991
2.336	0.3414
2.337	0.32882
2.338	0.31297
2.339	0.29552
2.34	0.27849
2.341	0.2636
2.342	0.2518
2.343	0.24315
2.344	0.23705
2.345	0.23276
2.346	0.2299
2.347	0.22883
2.348	0.23059
2.349	0.23658
2.35	0.24803
2.351	0.26549
2.352	0.28858
2.353	0.31601
2.354	0.3461
2.355	0.37725
2.356	0.40846
2.357	0.43953
2.358	0.47089
2.359	0.50313
2.36	0.53642
2.361	0.56999
2.362	0.6021
2.363	0.63022
2.364	0.65173
2.365	0.66463
2.366	0.66821
2.367	0.66329
2.368	0.65211
2.369	0.63771
2.37	0.62317
2.371	0.61079
2.372	0.60165
2.373	0.59543
2.374	0.59072
2.375	0.58556
2.376	0.57815
2.377	0.56732
2.378	0.55289
2.379	0.53559
2.38	0.51683
2.381	0.49826
2.382	0.48131
2.383	0.46691
2.384	0.45529
2.385	0.44608
2.386	0.43845
2.387	0.43146
2.388	0.42426
2.389	0.41637
2.39	0.40771
2.391	0.39859
2.392	0.3895
2.393	0.38095
2.394	0.37315
2.395	0.36592
2.396	0.35868
2.397	0.35058
2.398	0.34078
2.399	0.3288
2.4	0.31473
2.401	0.29929
2.402	0.28368
2.403	0.26923
2.404	0.2569
2.405	0.24699
2.406	0.23899
2.407	0.23175
2.408	0.22397
2.409	0.2147
2.41	0.20383
2.411	0.19217
2.412	0.18121
2.413	0.17255
2.414	0.16717
2.415	0.16497
2.416	0.16469
2.417	0.1643
2.418	0.16185
2.419	0.15626
2.42	0.14794
2.421	0.13873
2.422	0.13118
2.423	0.12746
2.424	0.12821
2.425	0.13199
2.426	0.13556
2.427	0.13515
2.428	0.12829
2.429	0.11561
2.43	0.10185
2.431	0.095545
2.432	0.10719
2.433	0.14636
2.434	0.21857
2.435	0.32295
2.436	0.45147
2.437	0.59032
2.438	0.72291
2.439	0.83393
2.44	0.91305
2.441	0.95725
2.442	0.97108
2.443	0.96476
2.444	0.95075
2.445	0.94002
2.446	0.93898
2.447	0.94823
2.448	0.96319
2.449	0.97641
2.45	0.98066
2.451	0.9716
2.452	0.94934
2.453	0.9183
2.454	0.88557
2.455	0.85844
2.456	0.84195
2.457	0.83733
2.458	0.84182
2.459	0.84977
2.46	0.85463
2.461	0.8512
2.462	0.83716
2.463	0.81365
2.464	0.78469
2.465	0.75564
2.466	0.73139
2.467	0.71483
2.468	0.70609
2.469	0.70265
2.47	0.70039
2.471	0.695
2.472	0.6834
2.473	0.66462
2.474	0.63996
2.475	0.61247
2.476	0.58582
2.477	0.56313
2.478	0.54606
2.479	0.53441
2.48	0.52637
2.481	0.51928
2.482	0.51059
2.483	0.49876
2.484	0.4837
2.485	0.46668
2.486	0.44979
2.487	0.43508
2.488	0.42373
2.489	0.41562
2.49	0.40929
2.491	0.4025
2.492	0.39302
2.493	0.37948
2.494	0.36196
2.495	0.342
2.496	0.32217
2.497	0.30515
2.498	0.29285
2.499	0.28571
2.5	0.28249
2.501	0.2807
2.502	0.27745
2.503	0.27055
2.504	0.25929
2.505	0.24492
2.506	0.23031
2.507	0.21925
2.508	0.21526
2.509	0.22069
2.51	0.23599
2.511	0.25976
2.512	0.28931
2.513	0.32152
2.514	0.35388
2.515	0.38506
2.516	0.41511
2.517	0.44497
2.518	0.4758
2.519	0.50807
2.52	0.54112
2.521	0.5731
2.522	0.60153
2.523	0.62415
2.524	0.63979
2.525	0.64894
2.526	0.65371
2.527	0.65719
2.528	0.66232
2.529	0.67083
2.53	0.68241
2.531	0.69465
2.532	0.70368
2.533	0.70535
2.534	0.69667
2.535	0.67686
2.536	0.64779
2.537	0.61359
2.538	0.57947
2.539	0.5503
2.54	0.52924
2.541	0.51698
2.542	0.51179
2.543	0.51032
2.544	0.50879
2.545	0.5043
2.546	0.49563
2.547	0.48339
2.548	0.46956
2.549	0.45652
2.55	0.44609
2.551	0.43884
2.552	0.43397
2.553	0.42975
2.554	0.42421
2.555	0.41599
2.556	0.40481
2.557	0.39151
2.558	0.37762
2.559	0.36471
2.56	0.35367
2.561	0.34435
2.562	0.33555
2.563	0.32548
2.564	0.31242
2.565	0.2954
2.566	0.27465
2.567	0.25162
2.568	0.22869
2.569	0.20848
2.57	0.19313
2.571	0.18372
2.572	0.17989
2.573	0.17992
2.574	0.18111
2.575	0.18049
2.576	0.17555
2.577	0.16497
2.578	0.14901
2.579	0.12951
2.58	0.1095
2.581	0.092367
2.582	0.080918
2.583	0.076485
2.584	0.078458
2.585	0.084397
2.586	0.090797
2.587	0.094332
2.588	0.093232
2.589	0.088342
2.59	0.08348
2.591	0.084855
2.592	0.099654
2.593	0.13413
2.594	0.19178
2.595	0.27211
2.596	0.37047
2.597	0.47897
2.598	0.58819
2.599	0.68921
2.6	0.77534
2.601	0.84309
2.602	0.89215
2.603	0.9246
2.604	0.9437
2.605	0.95278
2.606	0.95451
2.607	0.95088
2.608	0.94347
2.609	0.93393
2.61	0.92424
2.611	0.91646
2.612	0.91226
2.613	0.91213
2.614	0.91504
2.615	0.91846
2.616	0.91915
2.617	0.91422
2.618	0.90226
2.619	0.88401
2.62	0.8622
2.621	0.84069
2.622	0.82305
2.623	0.81127
2.624	0.80493
2.625	0.80141
2.626	0.79687
2.627	0.78777
2.628	0.77229
2.629	0.75113
2.63	0.72722
2.631	0.70465
2.632	0.68698
2.633	0.6758
2.634	0.66998
2.635	0.66606
2.636	0.65957
2.637	0.64678
2.638	0.62631
2.639	0.5998
2.64	0.57142
2.641	0.54638
2.642	0.52896
2.643	0.52083
2.644	0.52023
2.645	0.52257
2.646	0.52197
2.647	0.51338
2.648	0.4945
2.649	0.4666
2.65	0.43418
2.651	0.40341
2.652	0.37992
2.653	0.36695
2.654	0.36426
2.655	0.36838
2.656	0.37399
2.657	0.37593
2.658	0.37096
2.659	0.35885
2.66	0.34211
2.661	0.32484
2.662	0.31087
2.663	0.30223
2.664	0.29836
2.665	0.29642
2.666	0.29264
2.667	0.28413
2.668	0.27037
2.669	0.25388
2.67	0.23968
2.671	0.23377
2.672	0.2411
2.673	0.26381
2.674	0.30035
2.675	0.3459
2.676	0.3938
2.677	0.43766
2.678	0.47322
2.679	0.49951
2.68	0.51876
2.681	0.53526
2.682	0.55345
2.683	0.57621
2.684	0.60361
2.685	0.63292
2.686	0.65948
2.687	0.67842
2.688	0.68635
2.689	0.6825
2.69	0.66901
2.691	0.65015
2.692	0.63091
2.693	0.61543
2.694	0.60581
2.695	0.60171
2.696	0.60075
2.697	0.59958
2.698	0.59516
2.699	0.58577
2.7	0.57144
2.701	0.55373
2.702	0.53505
2.703	0.5177
2.704	0.50318
2.705	0.49179
2.706	0.48286
2.707	0.47514
2.708	0.46751
2.709	0.45935
2.71	0.45078
2.711	0.44242
2.712	0.43499
2.713	0.4289
2.714	0.42395
2.715	0.4193
2.716	0.41371
2.717	0.40598
2.718	0.39534
2.719	0.38177
2.72	0.36602
2.721	0.34945
2.722	0.33366
2.723	0.32011
2.724	0.30968
2.725	0.30244
2.726	0.29765
2.727	0.29388
2.728	0.28936
2.729	0.28242
2.73	0.27195
2.731	0.25775
2.732	0.2406
2.733	0.22222
2.734	0.20477
2.735	0.19032
2.736	0.18027
2.737	0.17495
2.738	0.17352
2.739	0.17423
2.74	0.17502
2.741	0.17407
2.742	0.17036
2.743	0.16376
2.744	0.15483
2.745	0.14439
2.746	0.13302
2.747	0.12087
2.748	0.10788
2.749	0.094361
2.75	0.081827
2.751	0.073505
2.752	0.074357
2.753	0.090325
2.754	0.12691
2.755	0.1875
2.756	0.27189
2.757	0.37571
2.758	0.49086
2.759	0.60706
2.76	0.71405
2.761	0.80375
2.762	0.8718
2.763	0.91804
2.764	0.94576
2.765	0.96017
2.766	0.96658
2.767	0.96894
2.768	0.9692
2.769	0.96744
2.77	0.96282
2.771	0.95461
2.772	0.94291
2.773	0.92893
2.774	0.91456
2.775	0.9016
2.776	0.89108
2.777	0.88287
2.778	0.87584
2.779	0.86848
2.78	0.85954
2.781	0.84863
2.782	0.83628
2.783	0.82363
2.784	0.81178
2.785	0.80124
2.786	0.79168
2.787	0.78203
2.788	0.77107
2.789	0.758
2.79	0.74285
2.791	0.7265
2.792	0.71025
2.793	0.69517
2.794	0.68158
2.795	0.66885
2.796	0.65566
2.797	0.64068
2.798	0.62334
2.799	0.60426
2.8	0.58522
2.801	0.56857
2.802	0.55624
2.803	0.54888
2.804	0.54535
2.805	0.54296
2.806	0.53825
2.807	0.52821
2.808	0.51133
2.809	0.48812
2.81	0.46092
2.811	0.43302
2.812	0.40755
2.813	0.38636
2.814	0.36966
2.815	0.35618
2.816	0.34408
2.817	0.33194
2.818	0.31956
2.819	0.30816
2.82	0.29978
2.821	0.29629
2.822	0.29832
2.823	0.30459
2.824	0.31205
2.825	0.31673
2.826	0.31519
2.827	0.30583
2.828	0.28979
2.829	0.27081
2.83	0.25435
2.831	0.24592
2.832	0.24949
2.833	0.26636
2.834	0.29481
2.835	0.33084
2.836	0.36946
2.837	0.40621
2.838	0.43837
2.839	0.46538
2.84	0.48857
2.841	0.51019
2.842	0.53237
2.843	0.55619
2.844	0.58136
2.845	0.60645
2.846	0.62955
2.847	0.64899
2.848	0.66386
2.849	0.67413
2.85	0.68039
2.851	0.68334
2.852	0.68342
2.853	0.68065
2.854	0.6748
2.855	0.6658
2.856	0.65409
2.857	0.64077
2.858	0.62738
2.859	0.6153
2.86	0.60522
2.861	0.59666
2.862	0.58811
2.863	0.57747
2.864	0.56299
2.865	0.54406
2.866	0.5217
2.867	0.4984
2.868	0.47735
2.869	0.46127
2.87	0.4514
2.871	0.44692
2.872	0.44517
2.873	0.44259
2.874	0.43605
2.875	0.42408
2.876	0.4075
2.877	0.38914
2.878	0.37287
2.879	0.36203
2.88	0.35822
2.881	0.36052
2.882	0.36583
2.883	0.36989
2.884	0.36883
2.885	0.36045
2.886	0.34497
2.887	0.32475
2.888	0.30331
2.889	0.28397
2.89	0.26871
2.891	0.25761
2.892	0.24918
2.893	0.24129
2.894	0.23229
2.895	0.22182
2.896	0.21096
2.897	0.20165
2.898	0.19564
2.899	0.19348
2.9	0.194
2.901	0.19459
2.902	0.19208
2.903	0.18402
2.904	0.16974
2.905	0.15065
2.906	0.12983
2.907	0.11092
2.908	0.096807
2.909	0.088765
2.91	0.086391
2.911	0.088394
2.912	0.093941
2.913	0.10395
2.914	0.12169
2.915	0.15235
2.916	0.20146
2.917	0.27286
2.918	0.36667
2.919	0.47832
2.92	0.5988
2.921	0.71646
2.922	0.81959
2.923	0.89913
2.924	0.95069
2.925	0.97519
2.926	0.97806
2.927	0.96735
2.928	0.95137
2.929	0.93669
2.93	0.927
2.931	0.92303
2.932	0.92337
2.933	0.92567
2.934	0.92776
2.935	0.92822
2.936	0.92645
2.937	0.92225
2.938	0.91539
2.939	0.90539
2.94	0.89166
2.941	0.87401
2.942	0.85312
2.943	0.83076
2.944	0.8095
2.945	0.79201
2.946	0.78009
2.947	0.7739
2.948	0.77168
2.949	0.77022
2.95	0.76581
2.951	0.75555
2.952	0.73836
2.953	0.71539
2.954	0.68962
2.955	0.66487
2.956	0.64441
2.957	0.62988
2.958	0.62077
2.959	0.61477
2.96	0.60863
2.961	0.59951
2.962	0.58594
2.963	0.56835
2.964	0.54876
2.965	0.52993
2.966	0.51427
2.967	0.50293
2.968	0.49545
2.969	0.49002
2.97	0.48431
2.971	0.47632
2.972	0.46513
2.973	0.45109
2.974	0.43548
2.975	0.41985
2.976	0.4053
2.977	0.39207
2.978	0.37955
2.979	0.36673
2.98	0.35276
2.981	0.33747
2.982	0.32142
2.983	0.30563
2.984	0.29102
2.985	0.27782
2.986	0.26543
2.987	0.25268
2.988	0.23854
2.989	0.22299
2.99	0.20761
2.991	0.19555
2.992	0.19093
2.993	0.19755
2.994	0.21766
2.995	0.25094
2.996	0.29438
2.997	0.34301
2.998	0.39118
2.999	0.43423
3	0.46961
3.001	0.49736
3.002	0.51963
3.003	0.53952
3.004	0.55968
3.005	0.58129
3.006	0.60362
3.007	0.62451
3.008	0.64129
3.009	0.65196
3.01	0.65592
3.011	0.65422
3.012	0.64903
3.013	0.64278
3.014	0.63731
3.015	0.63329
3.016	0.63026
3.017	0.62713
3.018	0.62288
3.019	0.61709
3.02	0.61015
3.021	0.60289
3.022	0.59606
3.023	0.58976
3.024	0.58317
3.025	0.57487
3.026	0.56339
3.027	0.54795
3.028	0.52894
3.029	0.50787
3.03	0.48683
3.031	0.46766
3.032	0.45114
3.033	0.43675
3.034	0.42288
3.035	0.40774
3.036	0.39031
3.037	0.37116
3.038	0.35248
3.039	0.33744
3.04	0.32897
3.041	0.32841
3.042	0.33472
3.043	0.3444
3.044	0.35245
3.045	0.35393
3.046	0.34557
3.047	0.32696
3.048	0.3007
3.049	0.27161
3.05	0.24525
3.051	0.22614
3.052	0.21655
3.053	0.21591
3.054	0.22129
3.055	0.22841
3.056	0.23295
3.057	0.23167
3.058	0.22298
3.059	0.20699
3.06	0.18518
3.061	0.15991
3.062	0.13395
3.063	0.11024
3.064	0.091637
3.065	0.08057
3.066	0.078586
3.067	0.085733
3.068	0.10012
3.069	0.1179
3.07	0.134
3.071	0.14351
3.072	0.14345
3.073	0.13443
3.074	0.12139
3.075	0.11316
3.076	0.12057
3.077	0.15366
3.078	0.21859
3.079	0.31546
3.08	0.43747
3.081	0.57211
3.082	0.70386
3.083	0.81777
3.084	0.90292
3.085	0.95465
3.086	0.97516
3.087	0.97219
3.088	0.95641
3.089	0.93836
3.09	0.92585
3.091	0.92238
3.092	0.92712
3.093	0.93606
3.094	0.94385
3.095	0.9458
3.096	0.93924
3.097	0.9241
3.098	0.90262
3.099	0.87837
3.1	0.85513
3.101	0.83582
3.102	0.82195
3.103	0.81345
3.104	0.80905
3.105	0.80678
3.106	0.80461
3.107	0.80092
3.108	0.79469
3.109	0.78558
3.11	0.77375
3.111	0.75967
3.112	0.74392
3.113	0.72706
3.114	0.70966
3.115	0.69227
3.116	0.67545
3.117	0.65979
3.118	0.64572
3.119	0.63337
3.12	0.62239
3.121	0.61182
3.122	0.60027
3.123	0.58622
3.124	0.56852
3.125	0.54688
3.126	0.52226
3.127	0.49679
3.128	0.47341
3.129	0.45506
3.13	0.44376
3.131	0.43983
3.132	0.44161
3.133	0.4457
3.134	0.44779
3.135	0.44387
3.136	0.43132
3.137	0.40966
3.138	0.38069
3.139	0.34787
3.14	0.31531
3.141	0.2866
3.142	0.26391
3.143	0.24764
3.144	0.23666
3.145	0.22901
3.146	0.22277
3.147	0.21678
3.148	0.21096
3.149	0.20619
3.15	0.20384
3.151	0.20527
3.152	0.21139
3.153	0.22248
3.154	0.23836
3.155	0.25863
3.156	0.28291
3.157	0.31099
3.158	0.34266
3.159	0.37755
3.16	0.41486
3.161	0.45333
3.162	0.49138
3.163	0.52732
3.164	0.55975
3.165	0.58776
3.166	0.61092
3.167	0.62916
3.168	0.64252
3.169	0.65105
3.17	0.65475
3.171	0.65384
3.172	0.64904
3.173	0.64172
3.174	0.63387
3.175	0.62759
3.176	0.62451
3.177	0.62502
3.178	0.62795
3.179	0.63058
3.18	0.62939
3.181	0.62113
3.182	0.60399
3.183	0.57843
3.184	0.54734
3.185	0.51539
3.186	0.48778
3.187	0.46871
3.188	0.46009
3.189	0.46093
3.19	0.46764
3.191	0.4751
3.192	0.47818
3.193	0.47325
3.194	0.45915
3.195	0.43738
3.196	0.41141
3.197	0.3855
3.198	0.36337
3.199	0.34714
3.2	0.33692
3.201	0.33111
3.202	0.32724
3.203	0.32292
3.204	0.31674
3.205	0.30857
3.206	0.29936
3.207	0.29056
3.208	0.2833
3.209	0.27783
3.21	0.27331
3.211	0.26816
3.212	0.26069
3.213	0.24982
3.214	0.23557
3.215	0.21913
3.216	0.2024
3.217	0.18724
3.218	0.17479
3.219	0.16498
3.22	0.15662
3.221	0.14799
3.222	0.13766
3.223	0.12529
3.224	0.11194
3.225	0.099786
3.226	0.091201
3.227	0.087659
3.228	0.088822
3.229	0.092305
3.23	0.094345
3.231	0.091244
3.232	0.081152
3.233	0.065534
3.234	0.049707
3.235	0.042088
3.236	0.052248
3.237	0.088275
3.238	0.15425
3.239	0.24869
3.24	0.36444
3.241	0.49017
3.242	0.61306
3.243	0.72172
3.244	0.80861
3.245	0.87121
3.246	0.91165
3.247	0.93512
3.248	0.94767
3.249	0.95428
3.25	0.95769
3.251	0.95841
3.252	0.95565
3.253	0.94854
3.254	0.93728
3.255	0.92349
3.256	0.90972
3.257	0.8985
3.258	0.89121
3.259	0.88739
3.26	0.88495
3.261	0.88094
3.262	0.8729
3.263	0.8599
3.264	0.84308
3.265	0.82523
3.266	0.80971
3.267	0.79897
3.268	0.79352
3.269	0.79147
3.27	0.78919
3.271	0.7826
3.272	0.76877
3.273	0.74712
3.274	0.71978
3.275	0.691
3.276	0.66563
3.277	0.6475
3.278	0.63803
3.279	0.63574
3.28	0.63677
3.281	0.63614
3.282	0.62948
3.283	0.61442
3.284	0.59133
3.285	0.56307
3.286	0.53411
3.287	0.509
3.288	0.49113
3.289	0.48172
3.29	0.47971
3.291	0.48211
3.292	0.48496
3.293	0.48439
3.294	0.47753
3.295	0.4631
3.296	0.44167
3.297	0.41537
3.298	0.38748
3.299	0.36163
3.3	0.34106
3.301	0.32777
3.302	0.32205
3.303	0.32222
3.304	0.32493
3.305	0.32602
3.306	0.32159
3.307	0.30933
3.308	0.28935
3.309	0.26453
3.31	0.23987
3.311	0.22123
3.312	0.21359
3.313	0.2196
3.314	0.2387
3.315	0.26734
3.316	0.30014
3.317	0.33177
3.318	0.35866
3.319	0.38016
3.32	0.39855
3.321	0.41801
3.322	0.44277
3.323	0.47527
3.324	0.51497
3.325	0.55821
3.326	0.59934
3.327	0.63246
3.328	0.65346
3.329	0.66128
3.33	0.65814
3.331	0.64865
3.332	0.63813
3.333	0.63077
3.334	0.62835
3.335	0.62996
3.336	0.6327
3.337	0.63306
3.338	0.62843
3.339	0.61808
3.34	0.60334
3.341	0.58698
3.342	0.57205
3.343	0.56076
3.344	0.55373
3.345	0.55001
3.346	0.54758
3.347	0.54427
3.348	0.53847
3.349	0.52954
3.35	0.51771
3.351	0.50366
3.352	0.48797
3.353	0.47089
3.354	0.45238
3.355	0.43246
3.356	0.41157
3.357	0.3908
3.358	0.37167
3.359	0.35568
3.36	0.34367
3.361	0.3354
3.362	0.32954
3.363	0.32411
3.364	0.3173
3.365	0.30815
3.366	0.29692
3.367	0.28495
3.368	0.27394
3.369	0.26505
3.37	0.25825
3.371	0.25218
3.372	0.24468
3.373	0.23378
3.374	0.21872
3.375	0.20054
3.376	0.18185
3.377	0.16593
3.378	0.15528
3.379	0.1505
3.38	0.14976
3.381	0.14934
3.382	0.14505
3.383	0.13401
3.384	0.11605
3.385	0.094101
3.386	0.073376
3.387	0.059451
3.388	0.056043
3.389	0.063324
3.39	0.077537
3.391	0.092179
3.392	0.10046
3.393	0.098155
3.394	0.085882
3.395	0.069755
3.396	0.060177
3.397	0.068969
3.398	0.10577
3.399	0.17485
3.4	0.27346
3.401	0.39223
3.402	0.51751
3.403	0.63492
3.404	0.7329
3.405	0.80529
3.406	0.85211
3.407	0.87846
3.408	0.89216
3.409	0.9009
3.41	0.90996
3.411	0.92108
3.412	0.93279
3.413	0.94182
3.414	0.94495
3.415	0.94064
3.416	0.92973
3.417	0.91522
3.418	0.90111
3.419	0.89101
3.42	0.88678
3.421	0.88801
3.422	0.89211
3.423	0.89529
3.424	0.8938
3.425	0.88508
3.426	0.86858
3.427	0.84582
3.428	0.8199
3.429	0.79456
3.43	0.77306
3.431	0.75741
3.432	0.74779
3.433	0.74269
3.434	0.73936
3.435	0.73462
3.436	0.72575
3.437	0.71118
3.438	0.6909
3.439	0.66642
3.44	0.64035
3.441	0.61568
3.442	0.59499
3.443	0.57971
3.444	0.56979
3.445	0.56365
3.446	0.55864
3.447	0.55175
3.448	0.54043
3.449	0.52331
3.45	0.50063
3.451	0.47416
3.452	0.44681
3.453	0.42189
3.454	0.40227
3.455	0.38964
3.456	0.38419
3.457	0.38457
3.458	0.3883
3.459	0.39246
3.46	0.39444
3.461	0.3925
3.462	0.38608
3.463	0.37575
3.464	0.36277
3.465	0.34854
3.466	0.33409
3.467	0.31973
3.468	0.30508
3.469	0.28942
3.47	0.27224
3.471	0.25381
3.472	0.23546
3.473	0.2196
3.474	0.20913
3.475	0.20681
3.476	0.21438
3.477	0.23201
3.478	0.25822
3.479	0.2903
3.48	0.32506
3.481	0.35981
3.482	0.3931
3.483	0.42495
3.484	0.45656
3.485	0.48956
3.486	0.52503
3.487	0.56274
3.488	0.60084
3.489	0.6362
3.49	0.66522
3.491	0.6849
3.492	0.69373
3.493	0.69214
3.494	0.68234
3.495	0.66755
3.496	0.65108
3.497	0.63536
3.498	0.62145
3.499	0.60912
3.5	0.59725
3.501	0.58466
3.502	0.57076
3.503	0.55586
3.504	0.54118
3.505	0.52834
3.506	0.51875
3.507	0.51311
3.508	0.51109
3.509	0.51142
3.51	0.51216
3.511	0.51124
3.512	0.50685
3.513	0.4978
3.514	0.48362
3.515	0.46457
3.516	0.44161
3.517	0.41622
3.518	0.39029
3.519	0.36586
3.52	0.34476
3.521	0.32827
3.522	0.31671
3.523	0.30929
3.524	0.30424
3.525	0.2992
3.526	0.2919
3.527	0.28086
3.528	0.26583
3.529	0.24786
3.53	0.22886
3.531	0.21096
3.532	0.19575
3.533	0.18374
3.534	0.17438
3.535	0.16642
3.536	0.15863
3.537	0.15034
3.538	0.1418
3.539	0.1339
3.54	0.12765
3.541	0.12341
3.542	0.12055
3.543	0.11743
3.544	0.11219
3.545	0.1036
3.546	0.091974
3.547	0.079457
3.548	0.069461
3.549	0.065439
3.55	0.069359
3.551	0.080543
3.552	0.09544
3.553	0.10862
3.554	0.11475
3.555	0.11099
3.556	0.098806
3.557	0.084576
3.558	0.078447
3.559	0.091738
3.56	0.13361
3.561	0.20802
3.562	0.31208
3.563	0.43627
3.564	0.56663
3.565	0.68813
3.566	0.78832
3.567	0.86007
3.568	0.90263
3.569	0.92093
3.57	0.92338
3.571	0.91909
3.572	0.91536
3.573	0.91618
3.574	0.92199
3.575	0.93055
3.576	0.93839
3.577	0.94223
3.578	0.94003
3.579	0.93126
3.58	0.91673
3.581	0.89802
3.582	0.87706
3.583	0.85575
3.584	0.83587
3.585	0.81894
3.586	0.80615
3.587	0.79798
3.588	0.79395
3.589	0.79235
3.59	0.79049
3.591	0.78523
3.592	0.77389
3.593	0.75522
3.594	0.72998
3.595	0.70092
3.596	0.67205
3.597	0.64746
3.598	0.62994
3.599	0.6201
3.6	0.61613
3.601	0.61453
3.602	0.61133
3.603	0.60353
3.604	0.59018
3.605	0.57259
3.606	0.55382
3.607	0.53733
3.608	0.52567
3.609	0.51941
3.61	0.51688
3.611	0.51481
3.612	0.50958
3.613	0.49858
3.614	0.48124
3.615	0.45927
3.616	0.43602
3.617	0.41526
3.618	0.39977
3.619	0.39031
3.62	0.38536
3.621	0.3817
3.622	0.37556
3.623	0.36405
3.624	0.34625
3.625	0.32354
3.626	0.29923
3.627	0.27747
3.628	0.26192
3.629	0.25461
3.63	0.25538
3.631	0.26207
3.632	0.27131
3.633	0.27965
3.634	0.28467
3.635	0.28567
3.636	0.28379
3.637	0.28155
3.638	0.28208
3.639	0.28818
3.64	0.30164
3.641	0.32289
3.642	0.351
3.643	0.38407
3.644	0.41973
3.645	0.45562
3.646	0.48978
3.647	0.52085
3.648	0.54807
3.649	0.57123
3.65	0.59053
3.651	0.60641
3.652	0.6194
3.653	0.62993
3.654	0.63826
3.655	0.64439
3.656	0.64807
3.657	0.64898
3.658	0.64689
3.659	0.64192
3.66	0.63461
3.661	0.62597
3.662	0.61719
3.663	0.6093
3.664	0.60281
3.665	0.59743
3.666	0.59206
3.667	0.58511
3.668	0.57494
3.669	0.56044
3.67	0.54148
3.671	0.51895
3.672	0.49458
3.673	0.4704
3.674	0.44817
3.675	0.42889
3.676	0.41265
3.677	0.39876
3.678	0.38626
3.679	0.37431
3.68	0.36267
3.681	0.35166
3.682	0.34204
3.683	0.33455
3.684	0.32953
3.685	0.32668
3.686	0.32513
3.687	0.32367
3.688	0.32113
3.689	0.31662
3.69	0.30962
3.691	0.29989
3.692	0.28725
3.693	0.27148
3.694	0.25248
3.695	0.23061
3.696	0.20705
3.697	0.18404
3.698	0.16463
3.699	0.15198
3.7	0.14822
3.701	0.15342
3.702	0.16494
3.703	0.1777
3.704	0.1854
3.705	0.18236
3.706	0.16552
3.707	0.13579
3.708	0.098196
3.709	0.060656
3.71	0.031604
3.711	0.017309
3.712	0.01978
3.713	0.036061
3.714	0.059287
3.715	0.081211
3.716	0.095386
3.717	0.099887
3.718	0.098562
3.719	0.10028
3.72	0.11634
3.721	0.15684
3.722	0.22717
3.723	0.32591
3.724	0.44471
3.725	0.57029
3.726	0.68789
3.727	0.78504
3.728	0.85449
3.729	0.89536
3.73	0.91245
3.731	0.91388
3.732	0.90826
3.733	0.90214
3.734	0.89863
3.735	0.89756
3.736	0.89673
3.737	0.89375
3.738	0.88756
3.739	0.87912
3.74	0.871
3.741	0.8662
3.742	0.86666
3.743	0.87224
3.744	0.88048
3.745	0.88736
3.746	0.88864
3.747	0.88136
3.748	0.86482
3.749	0.8408
3.75	0.81288
3.751	0.78511
3.752	0.76072
3.753	0.74117
3.754	0.72592
3.755	0.71299
3.756	0.70002
3.757	0.68527
3.758	0.66836
3.759	0.65026
3.76	0.63282
3.761	0.6178
3.762	0.60612
3.763	0.59736
3.764	0.58995
3.765	0.58172
3.766	0.57082
3.767	0.55636
3.768	0.53875
3.769	0.51944
3.77	0.50028
3.771	0.48276
3.772	0.46747
3.773	0.45388
3.774	0.44074
3.775	0.42664
3.776	0.41071
3.777	0.39302
3.778	0.37453
3.779	0.3567
3.78	0.3408
3.781	0.32742
3.782	0.31619
3.783	0.30604
3.784	0.29571
3.785	0.2844
3.786	0.2722
3.787	0.26015
3.788	0.24974
3.789	0.24224
3.79	0.23804
3.791	0.23625
3.792	0.23497
3.793	0.23199
3.794	0.22578
3.795	0.21633
3.796	0.20561
3.797	0.19721
3.798	0.19548
3.799	0.20421
3.8	0.22544
3.801	0.25879
3.802	0.30148
3.803	0.34909
3.804	0.39683
3.805	0.44079
3.806	0.47888
3.807	0.51107
3.808	0.53894
3.809	0.56473
3.81	0.59026
3.811	0.61603
3.812	0.6409
3.813	0.6623
3.814	0.67704
3.815	0.68229
3.816	0.67654
3.817	0.66021
3.818	0.63568
3.819	0.60691
3.82	0.57856
3.821	0.55499
3.822	0.53926
3.823	0.53248
3.824	0.5336
3.825	0.53968
3.826	0.5466
3.827	0.55007
3.828	0.54671
3.829	0.53486
3.83	0.51497
3.831	0.48948
3.832	0.46216
3.833	0.43708
3.834	0.41755
3.835	0.40534
3.836	0.40038
3.837	0.40093
3.838	0.40429
3.839	0.40771
3.84	0.40908
3.841	0.40737
3.842	0.40262
3.843	0.39551
3.844	0.38683
3.845	0.37705
3.846	0.36624
3.847	0.35423
3.848	0.34106
3.849	0.32728
3.85	0.31405
3.851	0.30286
3.852	0.29494
3.853	0.29064
3.854	0.28902
3.855	0.28796
3.856	0.28475
3.857	0.27702
3.858	0.26368
3.859	0.24541
3.86	0.22456
3.861	0.20443
3.862	0.18812
3.863	0.1775
3.864	0.17257
3.865	0.17158
3.866	0.1718
3.867	0.17061
3.868	0.16649
3.869	0.15953
3.87	0.15112
3.871	0.1431
3.872	0.13671
3.873	0.13188
3.874	0.12716
3.875	0.12054
3.876	0.11078
3.877	0.098806
3.878	0.088431
3.879	0.086064
3.88	0.099293
3.881	0.13472
3.882	0.19577
3.883	0.28115
3.884	0.38473
3.885	0.49672
3.886	0.60602
3.887	0.70292
3.888	0.78121
3.889	0.83929
3.89	0.87972
3.891	0.90762
3.892	0.92854
3.893	0.94652
3.894	0.96298
3.895	0.97681
3.896	0.9854
3.897	0.98619
3.898	0.9781
3.899	0.96226
3.9	0.9418
3.901	0.92091
3.902	0.90341
3.903	0.89157
3.904	0.88543
3.905	0.88294
3.906	0.88078
3.907	0.87555
3.908	0.86487
3.909	0.84806
3.91	0.82626
3.911	0.80192
3.912	0.77798
3.913	0.75701
3.914	0.74055
3.915	0.72879
3.916	0.72065
3.917	0.7142
3.918	0.70721
3.919	0.69771
3.92	0.68448
3.921	0.66734
3.922	0.64723
3.923	0.62591
3.924	0.6056
3.925	0.58833
3.926	0.57533
3.927	0.5666
3.928	0.56081
3.929	0.55562
3.93	0.54836
3.931	0.53697
3.932	0.52072
3.933	0.50058
3.934	0.47897
3.935	0.45893
3.936	0.44301
3.937	0.4322
3.938	0.42545
3.939	0.41994
3.94	0.4121
3.941	0.39907
3.942	0.37999
3.943	0.35667
3.944	0.33319
3.945	0.31457
3.946	0.30488
3.947	0.30549
3.948	0.31415
3.949	0.32534
3.95	0.33188
3.951	0.32728
3.952	0.30808
3.953	0.2753
3.954	0.23449
3.955	0.19422
3.956	0.16364
3.957	0.14977
3.958	0.15556
3.959	0.17931
3.96	0.21561
3.961	0.25739
3.962	0.2983
3.963	0.33461
3.964	0.36583
3.965	0.39417
3.966	0.4229
3.967	0.45452
3.968	0.48939
3.969	0.52547
3.97	0.55906
3.971	0.58642
3.972	0.60524
3.973	0.6157
3.974	0.62031
3.975	0.62283
3.976	0.62667
3.977	0.63332
3.978	0.6417
3.979	0.64853
3.98	0.64968
3.981	0.64194
3.982	0.62456
3.983	0.59973
3.984	0.5721
3.985	0.54717
3.986	0.52941
3.987	0.52071
3.988	0.51984
3.989	0.52307
3.99	0.52568
3.991	0.52389
3.992	0.51629
3.993	0.50437
3.994	0.49185
3.995	0.48327
3.996	0.48222
3.997	0.49012
3.998	0.50577
